0 41.809221 -87.814392 41.818792 -87.807127 -1 2255198553977604259009441170792649528006492904123708242258559115868844505544968133908992969446052089007567410366895676439526121761288796129423903824380756355980040052290828351045632.000000 2075913127568695695161364263859970417450305010612416457760829782135152054261391989799693140001199156693153574974318735908387217686756649677312486307754979967205777959820974989617873007403935704631525889715213215522744543815683389719531713724416.000000
1 41.809221 -87.807127 41.818792 -87.799863 -1 899151606793557870380875794888558474759707645100174836541066554868229301570664243022195839185772666418552121916297269730608033741570465982133724534368140675321430016.000000 0.000000
2 41.809221 -87.799863 41.818792 -87.792598 -1 476569375989012556760558932890337936059369712728926225643459925512181681770192392838293439414186100927237651804705512353459023527669286664171470517641484710772391990477513697475605941896852671440514417704636560651862483666552246763520.000000 0.000000
3 41.809221 -87.792598 41.818792 -87.785334 -1 0.000000 1295702088319543965954301128651011239732919655572899878219237353648709865793774448660664588316469295050533040276680520917666114489183531510298214110692876891709504177045504.000000
4 41.809221 -87.785334 41.818792 -87.778069 -1 6871107008617423247216773210419172472803776572788682465089176332735210501862121443842531864453877575337838470921052410847688053804928306893300241310206386077101029180525267242572559465500873805059130518263199733249472010819400121600001703818559488.000000 5388950068998578456006280719415505623656430392242354443677704993270155769794243127385491194682782843945569323093573887300811242707681951678204365510381652924817226309408803308792155127378955487900363811270076455116973880442355712.000000
5 41.809221 -87.778069 41.818792 -87.770805 -1 987883255464032694228495857150952052840694582001960744671575927544393234779963378527829511533955736312397108977244681226754873495077383339931559963147758827648165109846526350270570548733904544595968.000000 0.000000
6 41.809221 -87.770805 41.818792 -87.763540 -1 56057884266982588499795790683333362368443960493855778996120061887448786419928357657151835695056353424793889372946313473569784602740055211847511560415295986233453869060691881879958499867035702352936960.000000 5660081824505612944367384847134884050370404901028330910238430067068263095084450256392533765633731172745521036986142678762341202157832533874120338602993089089641026612319993884530422846400253246702910405721356235533414844702522624878196540838511944025493947807140337270768271360.000000
7 41.809221 -87.763540 41.818792 -87.756276 -1 946701568276950674857839506239072667474374677291533375662707520852781104874189806932153509359914425476642499644109199605206772593479120198474054425304239287660797021133811468888826539167173904405010650430582600761344000.000000 6871107008617408498294896353684288557498636179014407524672013724117404680867760196358481343873457431992954598779511881214246431059732848263289822219469667356371916289304444800250287267426771077538917018077973893250979670512946988117956592566009856.000000
8 41.809221 -87.756276 41.818792 -87.749011 -1 8923614162563306424833631554682120429990831451469923698421904261170953595556123658655946496029672891126506334235919980895612949875601924203962725543925419931037967488034503695613489237988938223306500723444110410058650018956824119313887977066706786844672.000000 3813850870223439195940472947365411987204645981820378063440118907703828923623498484223506650422906471483675792328725373680940858060749367123534577377370187660562497041661982702305280.000000
9 41.809221 -87.749011 41.818792 -87.741747 -1 0.000000 0.000000
10 41.809221 -87.741747 41.818792 -87.734482 -1 449407710513505309518233274743638472653082119327300750829228122513611933708079413385954001309419632407716796281109276160390485211426316501571929424761218632231550559938895506804089082876403522271446394451777879479235467871592227942146885862728788869120.000000 0.000000
11 41.809221 -87.734482 41.818792 -87.727218 -1 0.000000 4238046523790515824198061724916874973089979176136693950724356272491716983945634874999601989199760049858918392277113340970735526443336754783757384761055317340439988391342500559875980085558591816941716128511002547530416282084082845145214969078185943333360929603584.000000
12 41.809221 -87.727218 41.818792 -87.719953 -1 73406853392999867353035937423719700435156137555704481887021506761751135635619199602546261433093082981665358857553139189928155759874752792978784409327424177751225262596814697641041390525255609144900967924078081908508194766848.000000 73463167683479977292390912305660214924542408305461437363104230870670308281362873744189499872885473615997042053953669452803364025577697395373499702924898872512410332754844910116817104654175664482095966131250808041100353208320.000000
13 41.809221 -87.719953 41.818792 -87.712689 -1 12468839666528590207116820038886369301075542660401141734428090042481571785671272443675625268083991359408354706044893263539577443396305343431034669722451711696859706687488.000000 67112772506357777488919829545134176900498552249224759513277275575805979985130316242579109761391605512099958602337779935696101422902696686017520327282683173183682197368164321165753058232878759936.000000
14 41.809221 -87.712689 41.818792 -87.705424 -1 4233830397569022114969957058056223611257365908876589818925774470455339092650624680338265763390393423207906308913033268882946548051087584478134653029022906876316562588238275206447104.000000 482179722249110715365766790089207961605659405147120649186393215165309980130557286234436192748899710679308465485797992590405550478079369919086685448449633341192826703739342857516457721567341386448106854242229295774055767511254452666368.000000
15 41.809221 -87.705424 41.818792 -87.698160 -1 73463167683479977292390912305660214924542408305461437363104230870670308281362873744189499872885473615997042053953669452803364025577697395373499702924898872512410332754844910116817104654175664482095966131250808041100353208320.000000 390430715511087566423091454294970556804062604763024715740377089835779902929360710110097280786350395030492436279554095068225544273524832445294534796555275965570018201860043529201434432173435160810559392463729447175830178389154125053952.000000
16 41.809221 -87.698160 41.818792 -87.690895 -1 387228454205040567761493045725552344040002018864930678681646474605451351403644291317215614414327106687224658607592506154689198142170443738498866491514870672910923961363658368580822653330632065563458592179284647976904194093532567306240.000000 0.000000
17 41.809221 -87.690895 41.818792 -87.683631 -1 68027237355198328913052810632624809310128343556931132572911995938364540842172295716001453333139864672078399170027664773274023844443351643574548891758113327712070914484260876111488473907108619134959616.000000 16694355216833808846658383697703662092112846684453583642395924453650523196834433805843416271701320484768029901519424112953493499515103561867239628911671429461999499347370904969803726848.000000
18 41.809221 -87.683631 41.818792 -87.676366 -1 148120220514679362579515566025220349939601996174420976836511764401969733138231051082791193019048725731735086707977718239881779194938516874805181210618300700813584922007336349068019397136553659709271143289794408712203996407649724264505211371309236224.000000 5680794710262832387974370462499023521484910698317426434232113021367677760251282375824577800123000768644518806933888042392263577008135904081959439398775467541973727715805565596019447930570961887726836775980392982724938301440.000000
19 41.809221 -87.676366 41.818792 -87.669102 -1 17676941594793455019960363852299818073122237880255113276253388337159872920067409010203028614505907740811322910029690423277541761232565939457356904635960799632474243072.000000 17501000521036703859270791701879621198581261683218660547031001567991737066416427678918371107210629708990269355379800897823563073222446658704474441807865616216033809236366607457488053622276096.000000
20 41.809221 -87.669102 41.818792 -87.661837 -1 45875031617909891470605728902385987162713033189077060256150214980286288774754988735430876176454510573862141800008814209303942053301505934286975066587681945049656153416962932736.000000 0.000000
21 41.809221 -87.661837 41.818792 -87.654573 -1 56057884266982588499795790683333362368443960493855778996120061887448786419928357657151835695056353424793889372946313473569784602740055211847511560415295986233453869060691881879958499867035702352936960.000000 0.000000
22 41.809221 -87.654573 41.818792 -87.647308 -1 17501000521036703859270791701879621198581261683218660547031001567991737066416427678918371107210629708990269355379800897823563073222446658704474441807865616216033809236366607457488053622276096.000000 3038415252016971884112309218934877498465667385121516316764620831739831175809560950740024584986959992626598946109485747560372337819129070531964997219985632970681390993088809556508672.000000
23 41.809221 -87.647308 41.818792 -87.640044 -1 0.000000 0.000000
24 41.809221 -87.640044 41.818792 -87.632779 -1 0.000000 0.000000
25 41.809221 -87.632779 41.818792 -87.625514 -1 0.000000 0.000000
26 41.809221 -87.625514 41.818792 -87.618250 -1 0.000000 0.000000
27 41.809221 -87.618250 41.818792 -87.610985 -1 0.000000 0.000000
28 41.809221 -87.610985 41.818792 -87.603721 -1 0.000000 0.000000
29 41.809221 -87.603721 41.818792 -87.596456 -1 0.000000 0.000000
30 41.818792 -87.814392 41.828363 -87.807127 -1 0.000000 0.000000
31 41.818792 -87.807127 41.828363 -87.799863 -1 0.000000 0.000000
32 41.818792 -87.799863 41.828363 -87.792598 -1 0.000000 0.000000
33 41.818792 -87.792598 41.828363 -87.785334 -1 0.000000 0.000000
34 41.818792 -87.785334 41.828363 -87.778069 -1 0.000000 0.000000
35 41.818792 -87.778069 41.828363 -87.770805 -1 0.000000 0.000000
36 41.818792 -87.770805 41.828363 -87.763540 -1 0.000000 0.000000
37 41.818792 -87.763540 41.828363 -87.756276 -1 0.000000 0.000000
38 41.818792 -87.756276 41.828363 -87.749011 -1 0.000000 0.000000
39 41.818792 -87.749011 41.828363 -87.741747 -1 0.000000 0.000000
40 41.818792 -87.741747 41.828363 -87.734482 -1 0.000000 0.000000
41 41.818792 -87.734482 41.828363 -87.727218 -1 0.000000 0.000000
42 41.818792 -87.727218 41.828363 -87.719953 -1 0.000000 0.000000
43 41.818792 -87.719953 41.828363 -87.712689 -1 0.000000 0.000000
44 41.818792 -87.712689 41.828363 -87.705424 -1 0.000000 0.000000
45 41.818792 -87.705424 41.828363 -87.698160 -1 0.000000 0.000000
46 41.818792 -87.698160 41.828363 -87.690895 -1 0.000000 0.000000
47 41.818792 -87.690895 41.828363 -87.683631 -1 0.000000 0.000000
48 41.818792 -87.683631 41.828363 -87.676366 -1 0.000000 0.000000
49 41.818792 -87.676366 41.828363 -87.669102 -1 0.000000 0.000000
50 41.818792 -87.669102 41.828363 -87.661837 -1 0.000000 0.000000
51 41.818792 -87.661837 41.828363 -87.654573 -1 0.000000 0.000000
52 41.818792 -87.654573 41.828363 -87.647308 -1 0.000000 0.000000
53 41.818792 -87.647308 41.828363 -87.640044 -1 0.000000 0.000000
54 41.818792 -87.640044 41.828363 -87.632779 -1 0.000000 0.000000
55 41.818792 -87.632779 41.828363 -87.625514 -1 0.000000 0.000000
56 41.818792 -87.625514 41.828363 -87.618250 -1 0.000000 0.000000
57 41.818792 -87.618250 41.828363 -87.610985 -1 0.000000 0.000000
58 41.818792 -87.610985 41.828363 -87.603721 -1 0.000000 0.000000
59 41.818792 -87.603721 41.828363 -87.596456 -1 0.000000 0.000000
60 41.828363 -87.814392 41.837934 -87.807127 -1 0.000000 0.000000
61 41.828363 -87.807127 41.837934 -87.799863 -1 0.000000 0.000000
62 41.828363 -87.799863 41.837934 -87.792598 -1 0.000000 0.000000
63 41.828363 -87.792598 41.837934 -87.785334 -1 0.000000 0.000000
64 41.828363 -87.785334 41.837934 -87.778069 -1 0.000000 0.000000
65 41.828363 -87.778069 41.837934 -87.770805 -1 0.000000 0.000000
66 41.828363 -87.770805 41.837934 -87.763540 -1 0.000000 0.000000
67 41.828363 -87.763540 41.837934 -87.756276 -1 0.000000 0.000000
68 41.828363 -87.756276 41.837934 -87.749011 -1 0.000000 0.000000
69 41.828363 -87.749011 41.837934 -87.741747 -1 0.000000 0.000000
70 41.828363 -87.741747 41.837934 -87.734482 -1 0.000000 0.000000
71 41.828363 -87.734482 41.837934 -87.727218 -1 0.000000 0.000000
72 41.828363 -87.727218 41.837934 -87.719953 -1 0.000000 0.000000
73 41.828363 -87.719953 41.837934 -87.712689 -1 0.000000 0.000000
74 41.828363 -87.712689 41.837934 -87.705424 -1 0.000000 0.000000
75 41.828363 -87.705424 41.837934 -87.698160 -1 0.000000 0.000000
76 41.828363 -87.698160 41.837934 -87.690895 -1 0.000000 0.000000
77 41.828363 -87.690895 41.837934 -87.683631 -1 0.000000 0.000000
78 41.828363 -87.683631 41.837934 -87.676366 -1 0.000000 0.000000
79 41.828363 -87.676366 41.837934 -87.669102 -1 0.000000 0.000000
80 41.828363 -87.669102 41.837934 -87.661837 -1 0.000000 0.000000
81 41.828363 -87.661837 41.837934 -87.654573 -1 0.000000 0.000000
82 41.828363 -87.654573 41.837934 -87.647308 -1 0.000000 0.000000
83 41.828363 -87.647308 41.837934 -87.640044 -1 0.000000 0.000000
84 41.828363 -87.640044 41.837934 -87.632779 0 0.000000 0.000000
85 41.828363 -87.632779 41.837934 -87.625514 0 0.000000 0.000000
86 41.828363 -87.625514 41.837934 -87.618250 -1 0.000000 0.000000
87 41.828363 -87.618250 41.837934 -87.610985 0 0.000000 0.000000
88 41.828363 -87.610985 41.837934 -87.603721 -1 0.000000 0.000000
89 41.828363 -87.603721 41.837934 -87.596456 -1 0.000000 0.000000
90 41.837934 -87.814392 41.847505 -87.807127 -1 0.000000 0.000000
91 41.837934 -87.807127 41.847505 -87.799863 -1 0.000000 0.000000
92 41.837934 -87.799863 41.847505 -87.792598 -1 0.000000 0.000000
93 41.837934 -87.792598 41.847505 -87.785334 -1 0.000000 0.000000
94 41.837934 -87.785334 41.847505 -87.778069 -1 0.000000 0.000000
95 41.837934 -87.778069 41.847505 -87.770805 -1 0.000000 0.000000
96 41.837934 -87.770805 41.847505 -87.763540 -1 0.000000 0.000000
97 41.837934 -87.763540 41.847505 -87.756276 -1 0.000000 0.000000
98 41.837934 -87.756276 41.847505 -87.749011 -1 0.000000 0.000000
99 41.837934 -87.749011 41.847505 -87.741747 -1 0.000000 0.000000
100 41.837934 -87.741747 41.847505 -87.734482 -1 0.000000 0.000000
101 41.837934 -87.734482 41.847505 -87.727218 -1 0.000000 0.000000
102 41.837934 -87.727218 41.847505 -87.719953 -1 0.000000 0.000000
103 41.837934 -87.719953 41.847505 -87.712689 -1 0.000000 0.000000
104 41.837934 -87.712689 41.847505 -87.705424 -1 0.000000 0.000000
105 41.837934 -87.705424 41.847505 -87.698160 -1 0.000000 0.000000
106 41.837934 -87.698160 41.847505 -87.690895 -1 0.000000 0.000000
107 41.837934 -87.690895 41.847505 -87.683631 -1 0.000000 0.000000
108 41.837934 -87.683631 41.847505 -87.676366 -1 0.000000 0.000000
109 41.837934 -87.676366 41.847505 -87.669102 -1 0.000000 0.000000
110 41.837934 -87.669102 41.847505 -87.661837 -1 0.000000 0.000000
111 41.837934 -87.661837 41.847505 -87.654573 0 0.000000 0.000000
112 41.837934 -87.654573 41.847505 -87.647308 0 0.000000 0.000000
113 41.837934 -87.647308 41.847505 -87.640044 0 0.000000 0.000000
114 41.837934 -87.640044 41.847505 -87.632779 0 0.000000 0.000000
115 41.837934 -87.632779 41.847505 -87.625514 0 0.000000 0.000000
116 41.837934 -87.625514 41.847505 -87.618250 0 0.000000 0.000000
117 41.837934 -87.618250 41.847505 -87.610985 0 0.000000 0.000000
118 41.837934 -87.610985 41.847505 -87.603721 0 0.000000 0.000000
119 41.837934 -87.603721 41.847505 -87.596456 -1 0.000000 0.000000
120 41.847505 -87.814392 41.857076 -87.807127 -1 0.000000 0.000000
121 41.847505 -87.807127 41.857076 -87.799863 -1 0.000000 0.000000
122 41.847505 -87.799863 41.857076 -87.792598 -1 0.000000 0.000000
123 41.847505 -87.792598 41.857076 -87.785334 -1 0.000000 0.000000
124 41.847505 -87.785334 41.857076 -87.778069 -1 0.000000 0.000000
125 41.847505 -87.778069 41.857076 -87.770805 -1 0.000000 0.000000
126 41.847505 -87.770805 41.857076 -87.763540 -1 0.000000 0.000000
127 41.847505 -87.763540 41.857076 -87.756276 -1 0.000000 0.000000
128 41.847505 -87.756276 41.857076 -87.749011 -1 0.000000 0.000000
129 41.847505 -87.749011 41.857076 -87.741747 -1 0.000000 0.000000
130 41.847505 -87.741747 41.857076 -87.734482 -1 0.000000 0.000000
131 41.847505 -87.734482 41.857076 -87.727218 -1 0.000000 0.000000
132 41.847505 -87.727218 41.857076 -87.719953 -1 0.000000 0.000000
133 41.847505 -87.719953 41.857076 -87.712689 -1 0.000000 0.000000
134 41.847505 -87.712689 41.857076 -87.705424 -1 0.000000 0.000000
135 41.847505 -87.705424 41.857076 -87.698160 -1 0.000000 0.000000
136 41.847505 -87.698160 41.857076 -87.690895 -1 0.000000 0.000000
137 41.847505 -87.690895 41.857076 -87.683631 1 0.000000 0.000000
138 41.847505 -87.683631 41.857076 -87.676366 -1 0.000000 0.000000
139 41.847505 -87.676366 41.857076 -87.669102 0 0.000000 0.000000
140 41.847505 -87.669102 41.857076 -87.661837 0 0.000000 0.000000
141 41.847505 -87.661837 41.857076 -87.654573 0 0.000000 0.000000
142 41.847505 -87.654573 41.857076 -87.647308 0 0.000000 0.000000
143 41.847505 -87.647308 41.857076 -87.640044 0 0.000000 0.000000
144 41.847505 -87.640044 41.857076 -87.632779 0 0.000000 0.000000
145 41.847505 -87.632779 41.857076 -87.625514 0 0.000000 0.000000
146 41.847505 -87.625514 41.857076 -87.618250 0 0.000000 0.000000
147 41.847505 -87.618250 41.857076 -87.610985 0 0.000000 0.000000
148 41.847505 -87.610985 41.857076 -87.603721 0 0.000000 0.000000
149 41.847505 -87.603721 41.857076 -87.596456 -1 0.000000 0.000000
150 41.857076 -87.814392 41.866647 -87.807127 -1 0.000000 0.000000
151 41.857076 -87.807127 41.866647 -87.799863 -1 0.000000 0.000000
152 41.857076 -87.799863 41.866647 -87.792598 -1 0.000000 0.000000
153 41.857076 -87.792598 41.866647 -87.785334 -1 0.000000 0.000000
154 41.857076 -87.785334 41.866647 -87.778069 -1 0.000000 0.000000
155 41.857076 -87.778069 41.866647 -87.770805 -1 0.000000 0.000000
156 41.857076 -87.770805 41.866647 -87.763540 -1 0.000000 0.000000
157 41.857076 -87.763540 41.866647 -87.756276 -1 0.000000 0.000000
158 41.857076 -87.756276 41.866647 -87.749011 -1 0.000000 0.000000
159 41.857076 -87.749011 41.866647 -87.741747 -1 0.000000 0.000000
160 41.857076 -87.741747 41.866647 -87.734482 -1 0.000000 0.000000
161 41.857076 -87.734482 41.866647 -87.727218 -1 0.000000 0.000000
162 41.857076 -87.727218 41.866647 -87.719953 -1 0.000000 0.000000
163 41.857076 -87.719953 41.866647 -87.712689 -1 0.000000 0.000000
164 41.857076 -87.712689 41.866647 -87.705424 -1 0.000000 0.000000
165 41.857076 -87.705424 41.866647 -87.698160 -1 0.000000 0.000000
166 41.857076 -87.698160 41.866647 -87.690895 1 0.000000 0.000000
167 41.857076 -87.690895 41.866647 -87.683631 1 0.000000 0.000000
168 41.857076 -87.683631 41.866647 -87.676366 1 0.000000 0.000000
169 41.857076 -87.676366 41.866647 -87.669102 0 0.000000 0.000000
170 41.857076 -87.669102 41.866647 -87.661837 0 0.000000 0.000000
171 41.857076 -87.661837 41.866647 -87.654573 0 0.000000 0.000000
172 41.857076 -87.654573 41.866647 -87.647308 0 0.000000 0.000000
173 41.857076 -87.647308 41.866647 -87.640044 0 0.000000 0.000000
174 41.857076 -87.640044 41.866647 -87.632779 0 0.000000 0.000000
175 41.857076 -87.632779 41.866647 -87.625514 0 0.000000 0.000000
176 41.857076 -87.625514 41.866647 -87.618250 0 0.000000 0.000000
177 41.857076 -87.618250 41.866647 -87.610985 0 0.000000 0.000000
178 41.857076 -87.610985 41.866647 -87.603721 0 0.000000 0.000000
179 41.857076 -87.603721 41.866647 -87.596456 -1 0.000000 0.000000
180 41.866647 -87.814392 41.876219 -87.807127 -1 0.000000 0.000000
181 41.866647 -87.807127 41.876219 -87.799863 -1 0.000000 0.000000
182 41.866647 -87.799863 41.876219 -87.792598 -1 0.000000 0.000000
183 41.866647 -87.792598 41.876219 -87.785334 -1 0.000000 0.000000
184 41.866647 -87.785334 41.876219 -87.778069 -1 0.000000 0.000000
185 41.866647 -87.778069 41.876219 -87.770805 -1 0.000000 0.000000
186 41.866647 -87.770805 41.876219 -87.763540 -1 0.000000 0.000000
187 41.866647 -87.763540 41.876219 -87.756276 -1 0.000000 0.000000
188 41.866647 -87.756276 41.876219 -87.749011 -1 0.000000 0.000000
189 41.866647 -87.749011 41.876219 -87.741747 -1 0.000000 0.000000
190 41.866647 -87.741747 41.876219 -87.734482 -1 0.000000 0.000000
191 41.866647 -87.734482 41.876219 -87.727218 -1 0.000000 0.000000
192 41.866647 -87.727218 41.876219 -87.719953 -1 0.000000 0.000000
193 41.866647 -87.719953 41.876219 -87.712689 -1 0.000000 0.000000
194 41.866647 -87.712689 41.876219 -87.705424 1 0.000000 0.000000
195 41.866647 -87.705424 41.876219 -87.698160 1 0.000000 0.000000
196 41.866647 -87.698160 41.876219 -87.690895 1 0.000000 0.000000
197 41.866647 -87.690895 41.876219 -87.683631 1 0.000000 0.000000
198 41.866647 -87.683631 41.876219 -87.676366 0 0.000000 0.000000
199 41.866647 -87.676366 41.876219 -87.669102 0 0.000000 0.000000
200 41.866647 -87.669102 41.876219 -87.661837 0 0.000000 0.000000
201 41.866647 -87.661837 41.876219 -87.654573 0 0.000000 0.000000
202 41.866647 -87.654573 41.876219 -87.647308 0 0.000000 0.000000
203 41.866647 -87.647308 41.876219 -87.640044 0 0.000000 0.000000
204 41.866647 -87.640044 41.876219 -87.632779 0 0.000000 0.000000
205 41.866647 -87.632779 41.876219 -87.625514 0 0.000000 0.000000
206 41.866647 -87.625514 41.876219 -87.618250 0 0.000000 0.000000
207 41.866647 -87.618250 41.876219 -87.610985 0 0.000000 0.000000
208 41.866647 -87.610985 41.876219 -87.603721 0 0.000000 0.000000
209 41.866647 -87.603721 41.876219 -87.596456 -1 0.000000 0.000000
210 41.876219 -87.814392 41.885790 -87.807127 -1 0.000000 0.000000
211 41.876219 -87.807127 41.885790 -87.799863 -1 0.000000 0.000000
212 41.876219 -87.799863 41.885790 -87.792598 -1 0.000000 0.000000
213 41.876219 -87.792598 41.885790 -87.785334 -1 0.000000 0.000000
214 41.876219 -87.785334 41.885790 -87.778069 -1 0.000000 0.000000
215 41.876219 -87.778069 41.885790 -87.770805 -1 0.000000 0.000000
216 41.876219 -87.770805 41.885790 -87.763540 -1 0.000000 0.000000
217 41.876219 -87.763540 41.885790 -87.756276 -1 0.000000 0.000000
218 41.876219 -87.756276 41.885790 -87.749011 -1 0.000000 0.000000
219 41.876219 -87.749011 41.885790 -87.741747 -1 0.000000 0.000000
220 41.876219 -87.741747 41.885790 -87.734482 -1 0.000000 0.000000
221 41.876219 -87.734482 41.885790 -87.727218 -1 0.000000 0.000000
222 41.876219 -87.727218 41.885790 -87.719953 1 0.000000 0.000000
223 41.876219 -87.719953 41.885790 -87.712689 1 0.000000 0.000000
224 41.876219 -87.712689 41.885790 -87.705424 1 0.000000 0.000000
225 41.876219 -87.705424 41.885790 -87.698160 1 0.000000 0.000000
226 41.876219 -87.698160 41.885790 -87.690895 1 0.000000 0.000000
227 41.876219 -87.690895 41.885790 -87.683631 1 0.000000 0.000000
228 41.876219 -87.683631 41.885790 -87.676366 0 0.000000 0.000000
229 41.876219 -87.676366 41.885790 -87.669102 1 0.000000 0.000000
230 41.876219 -87.669102 41.885790 -87.661837 0 0.000000 0.000000
231 41.876219 -87.661837 41.885790 -87.654573 0 0.000000 0.000000
232 41.876219 -87.654573 41.885790 -87.647308 0 0.000000 0.000000
233 41.876219 -87.647308 41.885790 -87.640044 0 0.000000 0.000000
234 41.876219 -87.640044 41.885790 -87.632779 0 0.000000 0.000000
235 41.876219 -87.632779 41.885790 -87.625514 0 0.000000 0.000000
236 41.876219 -87.625514 41.885790 -87.618250 0 0.000000 0.000000
237 41.876219 -87.618250 41.885790 -87.610985 0 0.000000 0.000000
238 41.876219 -87.610985 41.885790 -87.603721 0 0.000000 0.000000
239 41.876219 -87.603721 41.885790 -87.596456 -1 0.000000 0.000000
240 41.885790 -87.814392 41.895361 -87.807127 -1 0.000000 0.000000
241 41.885790 -87.807127 41.895361 -87.799863 -1 0.000000 0.000000
242 41.885790 -87.799863 41.895361 -87.792598 -1 0.000000 0.000000
243 41.885790 -87.792598 41.895361 -87.785334 -1 0.000000 0.000000
244 41.885790 -87.785334 41.895361 -87.778069 -1 0.000000 0.000000
245 41.885790 -87.778069 41.895361 -87.770805 -1 0.000000 0.000000
246 41.885790 -87.770805 41.895361 -87.763540 -1 0.000000 0.000000
247 41.885790 -87.763540 41.895361 -87.756276 -1 0.000000 0.000000
248 41.885790 -87.756276 41.895361 -87.749011 -1 0.000000 0.000000
249 41.885790 -87.749011 41.895361 -87.741747 -1 0.000000 0.000000
250 41.885790 -87.741747 41.895361 -87.734482 -1 0.000000 0.000000
251 41.885790 -87.734482 41.895361 -87.727218 1 0.000000 0.000000
252 41.885790 -87.727218 41.895361 -87.719953 1 0.000000 0.000000
253 41.885790 -87.719953 41.895361 -87.712689 1 0.000000 0.000000
254 41.885790 -87.712689 41.895361 -87.705424 1 0.000000 0.000000
255 41.885790 -87.705424 41.895361 -87.698160 1 0.000000 0.000000
256 41.885790 -87.698160 41.895361 -87.690895 1 0.000000 0.000000
257 41.885790 -87.690895 41.895361 -87.683631 1 0.000000 0.000000
258 41.885790 -87.683631 41.895361 -87.676366 1 0.000000 0.000000
259 41.885790 -87.676366 41.895361 -87.669102 1 0.000000 0.000000
260 41.885790 -87.669102 41.895361 -87.661837 1 0.000000 0.000000
261 41.885790 -87.661837 41.895361 -87.654573 2 0.000000 0.000000
262 41.885790 -87.654573 41.895361 -87.647308 2 0.000000 0.000000
263 41.885790 -87.647308 41.895361 -87.640044 2 0.000000 0.000000
264 41.885790 -87.640044 41.895361 -87.632779 2 0.000000 0.000000
265 41.885790 -87.632779 41.895361 -87.625514 0 0.000000 0.000000
266 41.885790 -87.625514 41.895361 -87.618250 0 0.000000 0.000000
267 41.885790 -87.618250 41.895361 -87.610985 0 0.000000 0.000000
268 41.885790 -87.610985 41.895361 -87.603721 2 0.000000 0.000000
269 41.885790 -87.603721 41.895361 -87.596456 0 0.000000 0.000000
270 41.895361 -87.814392 41.904932 -87.807127 -1 0.000000 0.000000
271 41.895361 -87.807127 41.904932 -87.799863 -1 0.000000 0.000000
272 41.895361 -87.799863 41.904932 -87.792598 -1 0.000000 0.000000
273 41.895361 -87.792598 41.904932 -87.785334 -1 0.000000 0.000000
274 41.895361 -87.785334 41.904932 -87.778069 -1 0.000000 0.000000
275 41.895361 -87.778069 41.904932 -87.770805 -1 0.000000 0.000000
276 41.895361 -87.770805 41.904932 -87.763540 -1 0.000000 0.000000
277 41.895361 -87.763540 41.904932 -87.756276 -1 0.000000 0.000000
278 41.895361 -87.756276 41.904932 -87.749011 -1 0.000000 0.000000
279 41.895361 -87.749011 41.904932 -87.741747 -1 0.000000 0.000000
280 41.895361 -87.741747 41.904932 -87.734482 1 0.000000 0.000000
281 41.895361 -87.734482 41.904932 -87.727218 1 0.000000 0.000000
282 41.895361 -87.727218 41.904932 -87.719953 1 0.000000 0.000000
283 41.895361 -87.719953 41.904932 -87.712689 1 0.000000 0.000000
284 41.895361 -87.712689 41.904932 -87.705424 1 0.000000 0.000000
285 41.895361 -87.705424 41.904932 -87.698160 1 0.000000 0.000000
286 41.895361 -87.698160 41.904932 -87.690895 1 0.000000 0.000000
287 41.895361 -87.690895 41.904932 -87.683631 1 0.000000 0.000000
288 41.895361 -87.683631 41.904932 -87.676366 1 0.000000 0.000000
289 41.895361 -87.676366 41.904932 -87.669102 1 0.000000 0.000000
290 41.895361 -87.669102 41.904932 -87.661837 1 0.000000 0.000000
291 41.895361 -87.661837 41.904932 -87.654573 2 0.000000 0.000000
292 41.895361 -87.654573 41.904932 -87.647308 2 0.000000 0.000000
293 41.895361 -87.647308 41.904932 -87.640044 2 0.000000 0.000000
294 41.895361 -87.640044 41.904932 -87.632779 2 0.000000 0.000000
295 41.895361 -87.632779 41.904932 -87.625514 2 0.000000 0.000000
296 41.895361 -87.625514 41.904932 -87.618250 2 0.000000 0.000000
297 41.895361 -87.618250 41.904932 -87.610985 2 0.000000 0.000000
298 41.895361 -87.610985 41.904932 -87.603721 -1 0.000000 0.000000
299 41.895361 -87.603721 41.904932 -87.596456 -1 0.000000 0.000000
300 41.904932 -87.814392 41.914503 -87.807127 -1 0.000000 0.000000
301 41.904932 -87.807127 41.914503 -87.799863 -1 0.000000 0.000000
302 41.904932 -87.799863 41.914503 -87.792598 -1 0.000000 0.000000
303 41.904932 -87.792598 41.914503 -87.785334 -1 0.000000 0.000000
304 41.904932 -87.785334 41.914503 -87.778069 -1 0.000000 0.000000
305 41.904932 -87.778069 41.914503 -87.770805 -1 0.000000 0.000000
306 41.904932 -87.770805 41.914503 -87.763540 -1 0.000000 0.000000
307 41.904932 -87.763540 41.914503 -87.756276 -1 0.000000 0.000000
308 41.904932 -87.756276 41.914503 -87.749011 -1 0.000000 0.000000
309 41.904932 -87.749011 41.914503 -87.741747 4 0.000000 0.000000
310 41.904932 -87.741747 41.914503 -87.734482 4 0.000000 0.000000
311 41.904932 -87.734482 41.914503 -87.727218 4 0.000000 0.000000
312 41.904932 -87.727218 41.914503 -87.719953 4 0.000000 0.000000
313 41.904932 -87.719953 41.914503 -87.712689 4 0.000000 0.000000
314 41.904932 -87.712689 41.914503 -87.705424 1 0.000000 0.000000
315 41.904932 -87.705424 41.914503 -87.698160 1 0.000000 0.000000
316 41.904932 -87.698160 41.914503 -87.690895 1 0.000000 0.000000
317 41.904932 -87.690895 41.914503 -87.683631 1 0.000000 0.000000
318 41.904932 -87.683631 41.914503 -87.676366 1 0.000000 0.000000
319 41.904932 -87.676366 41.914503 -87.669102 1 0.000000 0.000000
320 41.904932 -87.669102 41.914503 -87.661837 2 0.000000 0.000000
321 41.904932 -87.661837 41.914503 -87.654573 2 0.000000 0.000000
322 41.904932 -87.654573 41.914503 -87.647308 2 0.000000 0.000000
323 41.904932 -87.647308 41.914503 -87.640044 2 0.000000 0.000000
324 41.904932 -87.640044 41.914503 -87.632779 2 0.000000 0.000000
325 41.904932 -87.632779 41.914503 -87.625514 2 0.000000 0.000000
326 41.904932 -87.625514 41.914503 -87.618250 2 0.000000 0.000000
327 41.904932 -87.618250 41.914503 -87.610985 -1 0.000000 0.000000
328 41.904932 -87.610985 41.914503 -87.603721 -1 0.000000 0.000000
329 41.904932 -87.603721 41.914503 -87.596456 -1 0.000000 0.000000
330 41.914503 -87.814392 41.924074 -87.807127 -1 0.000000 0.000000
331 41.914503 -87.807127 41.924074 -87.799863 -1 0.000000 0.000000
332 41.914503 -87.799863 41.924074 -87.792598 -1 0.000000 0.000000
333 41.914503 -87.792598 41.924074 -87.785334 -1 0.000000 0.000000
334 41.914503 -87.785334 41.924074 -87.778069 -1 0.000000 0.000000
335 41.914503 -87.778069 41.924074 -87.770805 -1 0.000000 0.000000
336 41.914503 -87.770805 41.924074 -87.763540 -1 0.000000 0.000000
337 41.914503 -87.763540 41.924074 -87.756276 4 0.000000 0.000000
338 41.914503 -87.756276 41.924074 -87.749011 4 0.000000 0.000000
339 41.914503 -87.749011 41.924074 -87.741747 4 0.000000 0.000000
340 41.914503 -87.741747 41.924074 -87.734482 4 0.000000 0.000000
341 41.914503 -87.734482 41.924074 -87.727218 4 0.000000 0.000000
342 41.914503 -87.727218 41.924074 -87.719953 4 0.000000 0.000000
343 41.914503 -87.719953 41.924074 -87.712689 4 0.000000 0.000000
344 41.914503 -87.712689 41.924074 -87.705424 4 0.000000 0.000000
345 41.914503 -87.705424 41.924074 -87.698160 3 0.000000 0.000000
346 41.914503 -87.698160 41.924074 -87.690895 3 0.000000 0.000000
347 41.914503 -87.690895 41.924074 -87.683631 2 0.000000 0.000000
348 41.914503 -87.683631 41.924074 -87.676366 3 0.000000 0.000000
349 41.914503 -87.676366 41.924074 -87.669102 3 0.000000 0.000000
350 41.914503 -87.669102 41.924074 -87.661837 2 0.000000 0.000000
351 41.914503 -87.661837 41.924074 -87.654573 2 0.000000 0.000000
352 41.914503 -87.654573 41.924074 -87.647308 2 0.000000 0.000000
353 41.914503 -87.647308 41.924074 -87.640044 2 0.000000 0.000000
354 41.914503 -87.640044 41.924074 -87.632779 2 0.000000 0.000000
355 41.914503 -87.632779 41.924074 -87.625514 2 0.000000 0.000000
356 41.914503 -87.625514 41.924074 -87.618250 -1 0.000000 0.000000
357 41.914503 -87.618250 41.924074 -87.610985 -1 0.000000 0.000000
358 41.914503 -87.610985 41.924074 -87.603721 -1 0.000000 0.000000
359 41.914503 -87.603721 41.924074 -87.596456 -1 0.000000 0.000000
360 41.924074 -87.814392 41.933645 -87.807127 -1 0.000000 0.000000
361 41.924074 -87.807127 41.933645 -87.799863 -1 0.000000 0.000000
362 41.924074 -87.799863 41.933645 -87.792598 -1 0.000000 0.000000
363 41.924074 -87.792598 41.933645 -87.785334 -1 0.000000 0.000000
364 41.924074 -87.785334 41.933645 -87.778069 -1 0.000000 0.000000
365 41.924074 -87.778069 41.933645 -87.770805 -1 0.000000 0.000000
366 41.924074 -87.770805 41.933645 -87.763540 -1 0.000000 0.000000
367 41.924074 -87.763540 41.933645 -87.756276 4 0.000000 0.000000
368 41.924074 -87.756276 41.933645 -87.749011 4 0.000000 0.000000
369 41.924074 -87.749011 41.933645 -87.741747 4 0.000000 0.000000
370 41.924074 -87.741747 41.933645 -87.734482 4 0.000000 0.000000
371 41.924074 -87.734482 41.933645 -87.727218 4 0.000000 0.000000
372 41.924074 -87.727218 41.933645 -87.719953 4 0.000000 0.000000
373 41.924074 -87.719953 41.933645 -87.712689 4 0.000000 0.000000
374 41.924074 -87.712689 41.933645 -87.705424 4 0.000000 0.000000
375 41.924074 -87.705424 41.933645 -87.698160 3 0.000000 0.000000
376 41.924074 -87.698160 41.933645 -87.690895 3 0.000000 0.000000
377 41.924074 -87.690895 41.933645 -87.683631 3 0.000000 0.000000
378 41.924074 -87.683631 41.933645 -87.676366 3 0.000000 0.000000
379 41.924074 -87.676366 41.933645 -87.669102 3 0.000000 0.000000
380 41.924074 -87.669102 41.933645 -87.661837 3 0.000000 0.000000
381 41.924074 -87.661837 41.933645 -87.654573 3 0.000000 0.000000
382 41.924074 -87.654573 41.933645 -87.647308 2 0.000000 0.000000
383 41.924074 -87.647308 41.933645 -87.640044 2 0.000000 0.000000
384 41.924074 -87.640044 41.933645 -87.632779 2 0.000000 0.000000
385 41.924074 -87.632779 41.933645 -87.625514 2 0.000000 0.000000
386 41.924074 -87.625514 41.933645 -87.618250 -1 0.000000 0.000000
387 41.924074 -87.618250 41.933645 -87.610985 -1 0.000000 0.000000
388 41.924074 -87.610985 41.933645 -87.603721 -1 0.000000 0.000000
389 41.924074 -87.603721 41.933645 -87.596456 -1 0.000000 0.000000
390 41.933645 -87.814392 41.943216 -87.807127 -1 0.000000 0.000000
391 41.933645 -87.807127 41.943216 -87.799863 -1 0.000000 0.000000
392 41.933645 -87.799863 41.943216 -87.792598 -1 0.000000 0.000000
393 41.933645 -87.792598 41.943216 -87.785334 -1 0.000000 0.000000
394 41.933645 -87.785334 41.943216 -87.778069 -1 0.000000 0.000000
395 41.933645 -87.778069 41.943216 -87.770805 -1 0.000000 0.000000
396 41.933645 -87.770805 41.943216 -87.763540 4 0.000000 0.000000
397 41.933645 -87.763540 41.943216 -87.756276 4 0.000000 0.000000
398 41.933645 -87.756276 41.943216 -87.749011 4 0.000000 0.000000
399 41.933645 -87.749011 41.943216 -87.741747 4 0.000000 0.000000
400 41.933645 -87.741747 41.943216 -87.734482 5 0.000000 0.000000
401 41.933645 -87.734482 41.943216 -87.727218 4 0.000000 0.000000
402 41.933645 -87.727218 41.943216 -87.719953 4 0.000000 0.000000
403 41.933645 -87.719953 41.943216 -87.712689 4 0.000000 0.000000
404 41.933645 -87.712689 41.943216 -87.705424 4 0.000000 0.000000
405 41.933645 -87.705424 41.943216 -87.698160 4 0.000000 0.000000
406 41.933645 -87.698160 41.943216 -87.690895 3 0.000000 0.000000
407 41.933645 -87.690895 41.943216 -87.683631 3 0.000000 0.000000
408 41.933645 -87.683631 41.943216 -87.676366 3 0.000000 0.000000
409 41.933645 -87.676366 41.943216 -87.669102 3 0.000000 0.000000
410 41.933645 -87.669102 41.943216 -87.661837 3 0.000000 0.000000
411 41.933645 -87.661837 41.943216 -87.654573 3 0.000000 0.000000
412 41.933645 -87.654573 41.943216 -87.647308 3 0.000000 0.000000
413 41.933645 -87.647308 41.943216 -87.640044 2 0.000000 0.000000
414 41.933645 -87.640044 41.943216 -87.632779 2 0.000000 0.000000
415 41.933645 -87.632779 41.943216 -87.625514 2 0.000000 0.000000
416 41.933645 -87.625514 41.943216 -87.618250 -1 0.000000 0.000000
417 41.933645 -87.618250 41.943216 -87.610985 -1 0.000000 0.000000
418 41.933645 -87.610985 41.943216 -87.603721 -1 0.000000 0.000000
419 41.933645 -87.603721 41.943216 -87.596456 -1 0.000000 0.000000
420 41.943216 -87.814392 41.952787 -87.807127 -1 0.000000 0.000000
421 41.943216 -87.807127 41.952787 -87.799863 -1 0.000000 0.000000
422 41.943216 -87.799863 41.952787 -87.792598 -1 0.000000 0.000000
423 41.943216 -87.792598 41.952787 -87.785334 -1 0.000000 0.000000
424 41.943216 -87.785334 41.952787 -87.778069 -1 0.000000 0.000000
425 41.943216 -87.778069 41.952787 -87.770805 -1 0.000000 0.000000
426 41.943216 -87.770805 41.952787 -87.763540 5 0.000000 0.000000
427 41.943216 -87.763540 41.952787 -87.756276 5 0.000000 0.000000
428 41.943216 -87.756276 41.952787 -87.749011 5 0.000000 0.000000
429 41.943216 -87.749011 41.952787 -87.741747 5 0.000000 0.000000
430 41.943216 -87.741747 41.952787 -87.734482 5 0.000000 0.000000
431 41.943216 -87.734482 41.952787 -87.727218 5 0.000000 0.000000
432 41.943216 -87.727218 41.952787 -87.719953 5 0.000000 0.000000
433 41.943216 -87.719953 41.952787 -87.712689 5 0.000000 0.000000
434 41.943216 -87.712689 41.952787 -87.705424 4 0.000000 0.000000
435 41.943216 -87.705424 41.952787 -87.698160 3 0.000000 0.000000
436 41.943216 -87.698160 41.952787 -87.690895 3 0.000000 0.000000
437 41.943216 -87.690895 41.952787 -87.683631 3 0.000000 0.000000
438 41.943216 -87.683631 41.952787 -87.676366 3 0.000000 0.000000
439 41.943216 -87.676366 41.952787 -87.669102 3 0.000000 0.000000
440 41.943216 -87.669102 41.952787 -87.661837 3 0.000000 0.000000
441 41.943216 -87.661837 41.952787 -87.654573 3 0.000000 0.000000
442 41.943216 -87.654573 41.952787 -87.647308 6 0.000000 0.000000
443 41.943216 -87.647308 41.952787 -87.640044 3 0.000000 0.000000
444 41.943216 -87.640044 41.952787 -87.632779 3 0.000000 0.000000
445 41.943216 -87.632779 41.952787 -87.625514 -1 0.000000 0.000000
446 41.943216 -87.625514 41.952787 -87.618250 -1 0.000000 0.000000
447 41.943216 -87.618250 41.952787 -87.610985 -1 0.000000 0.000000
448 41.943216 -87.610985 41.952787 -87.603721 -1 0.000000 0.000000
449 41.943216 -87.603721 41.952787 -87.596456 -1 0.000000 0.000000
450 41.952787 -87.814392 41.962358 -87.807127 -1 0.000000 0.000000
451 41.952787 -87.807127 41.962358 -87.799863 -1 0.000000 0.000000
452 41.952787 -87.799863 41.962358 -87.792598 -1 0.000000 0.000000
453 41.952787 -87.792598 41.962358 -87.785334 -1 0.000000 0.000000
454 41.952787 -87.785334 41.962358 -87.778069 5 0.000000 0.000000
455 41.952787 -87.778069 41.962358 -87.770805 5 0.000000 0.000000
456 41.952787 -87.770805 41.962358 -87.763540 5 0.000000 0.000000
457 41.952787 -87.763540 41.962358 -87.756276 5 0.000000 0.000000
458 41.952787 -87.756276 41.962358 -87.749011 5 0.000000 0.000000
459 41.952787 -87.749011 41.962358 -87.741747 5 0.000000 0.000000
460 41.952787 -87.741747 41.962358 -87.734482 5 0.000000 0.000000
461 41.952787 -87.734482 41.962358 -87.727218 5 0.000000 0.000000
462 41.952787 -87.727218 41.962358 -87.719953 5 0.000000 0.000000
463 41.952787 -87.719953 41.962358 -87.712689 7 0.000000 0.000000
464 41.952787 -87.712689 41.962358 -87.705424 7 0.000000 0.000000
465 41.952787 -87.705424 41.962358 -87.698160 5 0.000000 0.000000
466 41.952787 -87.698160 41.962358 -87.690895 3 0.000000 0.000000
467 41.952787 -87.690895 41.962358 -87.683631 6 0.000000 0.000000
468 41.952787 -87.683631 41.962358 -87.676366 6 0.000000 0.000000
469 41.952787 -87.676366 41.962358 -87.669102 6 0.000000 0.000000
470 41.952787 -87.669102 41.962358 -87.661837 6 0.000000 0.000000
471 41.952787 -87.661837 41.962358 -87.654573 6 0.000000 0.000000
472 41.952787 -87.654573 41.962358 -87.647308 6 0.000000 0.000000
473 41.952787 -87.647308 41.962358 -87.640044 6 0.000000 0.000000
474 41.952787 -87.640044 41.962358 -87.632779 6 0.000000 0.000000
475 41.952787 -87.632779 41.962358 -87.625514 -1 0.000000 0.000000
476 41.952787 -87.625514 41.962358 -87.618250 -1 0.000000 0.000000
477 41.952787 -87.618250 41.962358 -87.610985 -1 0.000000 0.000000
478 41.952787 -87.610985 41.962358 -87.603721 -1 0.000000 0.000000
479 41.952787 -87.603721 41.962358 -87.596456 -1 0.000000 0.000000
480 41.962358 -87.814392 41.971929 -87.807127 -1 0.000000 0.000000
481 41.962358 -87.807127 41.971929 -87.799863 -1 0.000000 0.000000
482 41.962358 -87.799863 41.971929 -87.792598 -1 0.000000 0.000000
483 41.962358 -87.792598 41.971929 -87.785334 5 0.000000 0.000000
484 41.962358 -87.785334 41.971929 -87.778069 5 0.000000 0.000000
485 41.962358 -87.778069 41.971929 -87.770805 5 0.000000 0.000000
486 41.962358 -87.770805 41.971929 -87.763540 5 0.000000 0.000000
487 41.962358 -87.763540 41.971929 -87.756276 5 0.000000 0.000000
488 41.962358 -87.756276 41.971929 -87.749011 5 0.000000 0.000000
489 41.962358 -87.749011 41.971929 -87.741747 5 0.000000 0.000000
490 41.962358 -87.741747 41.971929 -87.734482 5 0.000000 0.000000
491 41.962358 -87.734482 41.971929 -87.727218 5 0.000000 0.000000
492 41.962358 -87.727218 41.971929 -87.719953 5 0.000000 0.000000
493 41.962358 -87.719953 41.971929 -87.712689 7 0.000000 0.000000
494 41.962358 -87.712689 41.971929 -87.705424 7 0.000000 0.000000
495 41.962358 -87.705424 41.971929 -87.698160 7 0.000000 0.000000
496 41.962358 -87.698160 41.971929 -87.690895 7 0.000000 0.000000
497 41.962358 -87.690895 41.971929 -87.683631 6 0.000000 0.000000
498 41.962358 -87.683631 41.971929 -87.676366 6 0.000000 0.000000
499 41.962358 -87.676366 41.971929 -87.669102 8 0.000000 0.000000
500 41.962358 -87.669102 41.971929 -87.661837 6 0.000000 0.000000
501 41.962358 -87.661837 41.971929 -87.654573 6 0.000000 0.000000
502 41.962358 -87.654573 41.971929 -87.647308 6 0.000000 0.000000
503 41.962358 -87.647308 41.971929 -87.640044 6 0.000000 0.000000
504 41.962358 -87.640044 41.971929 -87.632779 6 0.000000 0.000000
505 41.962358 -87.632779 41.971929 -87.625514 6 0.000000 0.000000
506 41.962358 -87.625514 41.971929 -87.618250 -1 0.000000 0.000000
507 41.962358 -87.618250 41.971929 -87.610985 -1 0.000000 0.000000
508 41.962358 -87.610985 41.971929 -87.603721 -1 0.000000 0.000000
509 41.962358 -87.603721 41.971929 -87.596456 -1 0.000000 0.000000
510 41.971929 -87.814392 41.981500 -87.807127 -1 0.000000 0.000000
511 41.971929 -87.807127 41.981500 -87.799863 -1 0.000000 0.000000
512 41.971929 -87.799863 41.981500 -87.792598 -1 0.000000 0.000000
513 41.971929 -87.792598 41.981500 -87.785334 5 0.000000 0.000000
514 41.971929 -87.785334 41.981500 -87.778069 5 0.000000 0.000000
515 41.971929 -87.778069 41.981500 -87.770805 5 0.000000 0.000000
516 41.971929 -87.770805 41.981500 -87.763540 5 0.000000 0.000000
517 41.971929 -87.763540 41.981500 -87.756276 5 0.000000 0.000000
518 41.971929 -87.756276 41.981500 -87.749011 5 0.000000 0.000000
519 41.971929 -87.749011 41.981500 -87.741747 5 0.000000 0.000000
520 41.971929 -87.741747 41.981500 -87.734482 7 0.000000 0.000000
521 41.971929 -87.734482 41.981500 -87.727218 5 0.000000 0.000000
522 41.971929 -87.727218 41.981500 -87.719953 7 0.000000 0.000000
523 41.971929 -87.719953 41.981500 -87.712689 7 0.000000 0.000000
524 41.971929 -87.712689 41.981500 -87.705424 7 0.000000 0.000000
525 41.971929 -87.705424 41.981500 -87.698160 7 0.000000 0.000000
526 41.971929 -87.698160 41.981500 -87.690895 8 0.000000 0.000000
527 41.971929 -87.690895 41.981500 -87.683631 8 0.000000 0.000000
528 41.971929 -87.683631 41.981500 -87.676366 6 0.000000 0.000000
529 41.971929 -87.676366 41.981500 -87.669102 6 0.000000 0.000000
530 41.971929 -87.669102 41.981500 -87.661837 6 0.000000 0.000000
531 41.971929 -87.661837 41.981500 -87.654573 6 0.000000 0.000000
532 41.971929 -87.654573 41.981500 -87.647308 6 0.000000 0.000000
533 41.971929 -87.647308 41.981500 -87.640044 6 0.000000 0.000000
534 41.971929 -87.640044 41.981500 -87.632779 -1 0.000000 0.000000
535 41.971929 -87.632779 41.981500 -87.625514 -1 0.000000 0.000000
536 41.971929 -87.625514 41.981500 -87.618250 -1 0.000000 0.000000
537 41.971929 -87.618250 41.981500 -87.610985 -1 0.000000 0.000000
538 41.971929 -87.610985 41.981500 -87.603721 -1 0.000000 0.000000
539 41.971929 -87.603721 41.981500 -87.596456 -1 0.000000 0.000000
540 41.981500 -87.814392 41.991072 -87.807127 -1 0.000000 0.000000
541 41.981500 -87.807127 41.991072 -87.799863 -1 0.000000 0.000000
542 41.981500 -87.799863 41.991072 -87.792598 -1 0.000000 0.000000
543 41.981500 -87.792598 41.991072 -87.785334 -1 0.000000 0.000000
544 41.981500 -87.785334 41.991072 -87.778069 5 0.000000 0.000000
545 41.981500 -87.778069 41.991072 -87.770805 5 0.000000 0.000000
546 41.981500 -87.770805 41.991072 -87.763540 5 0.000000 0.000000
547 41.981500 -87.763540 41.991072 -87.756276 5 0.000000 0.000000
548 41.981500 -87.756276 41.991072 -87.749011 7 0.000000 0.000000
549 41.981500 -87.749011 41.991072 -87.741747 7 0.000000 0.000000
550 41.981500 -87.741747 41.991072 -87.734482 7 0.000000 0.000000
551 41.981500 -87.734482 41.991072 -87.727218 7 0.000000 0.000000
552 41.981500 -87.727218 41.991072 -87.719953 7 0.000000 0.000000
553 41.981500 -87.719953 41.991072 -87.712689 7 0.000000 0.000000
554 41.981500 -87.712689 41.991072 -87.705424 7 0.000000 0.000000
555 41.981500 -87.705424 41.991072 -87.698160 7 0.000000 0.000000
556 41.981500 -87.698160 41.991072 -87.690895 8 0.000000 0.000000
557 41.981500 -87.690895 41.991072 -87.683631 8 0.000000 0.000000
558 41.981500 -87.683631 41.991072 -87.676366 8 0.000000 0.000000
559 41.981500 -87.676366 41.991072 -87.669102 8 0.000000 0.000000
560 41.981500 -87.669102 41.991072 -87.661837 6 0.000000 0.000000
561 41.981500 -87.661837 41.991072 -87.654573 6 0.000000 0.000000
562 41.981500 -87.654573 41.991072 -87.647308 6 0.000000 0.000000
563 41.981500 -87.647308 41.991072 -87.640044 -1 0.000000 0.000000
564 41.981500 -87.640044 41.991072 -87.632779 -1 0.000000 0.000000
565 41.981500 -87.632779 41.991072 -87.625514 -1 0.000000 0.000000
566 41.981500 -87.625514 41.991072 -87.618250 -1 0.000000 0.000000
567 41.981500 -87.618250 41.991072 -87.610985 -1 0.000000 0.000000
568 41.981500 -87.610985 41.991072 -87.603721 -1 0.000000 0.000000
569 41.981500 -87.603721 41.991072 -87.596456 -1 0.000000 0.000000
570 41.991072 -87.814392 42.000643 -87.807127 -1 0.000000 0.000000
571 41.991072 -87.807127 42.000643 -87.799863 -1 0.000000 0.000000
572 41.991072 -87.799863 42.000643 -87.792598 -1 0.000000 0.000000
573 41.991072 -87.792598 42.000643 -87.785334 -1 0.000000 0.000000
574 41.991072 -87.785334 42.000643 -87.778069 5 0.000000 0.000000
575 41.991072 -87.778069 42.000643 -87.770805 5 0.000000 0.000000
576 41.991072 -87.770805 42.000643 -87.763540 5 0.000000 0.000000
577 41.991072 -87.763540 42.000643 -87.756276 7 0.000000 0.000000
578 41.991072 -87.756276 42.000643 -87.749011 7 0.000000 0.000000
579 41.991072 -87.749011 42.000643 -87.741747 7 0.000000 0.000000
580 41.991072 -87.741747 42.000643 -87.734482 7 0.000000 0.000000
581 41.991072 -87.734482 42.000643 -87.727218 7 0.000000 0.000000
582 41.991072 -87.727218 42.000643 -87.719953 7 0.000000 0.000000
583 41.991072 -87.719953 42.000643 -87.712689 7 0.000000 0.000000
584 41.991072 -87.712689 42.000643 -87.705424 8 0.000000 0.000000
585 41.991072 -87.705424 42.000643 -87.698160 7 0.000000 0.000000
586 41.991072 -87.698160 42.000643 -87.690895 8 0.000000 0.000000
587 41.991072 -87.690895 42.000643 -87.683631 8 0.000000 0.000000
588 41.991072 -87.683631 42.000643 -87.676366 8 0.000000 0.000000
589 41.991072 -87.676366 42.000643 -87.669102 8 0.000000 0.000000
590 41.991072 -87.669102 42.000643 -87.661837 8 0.000000 0.000000
591 41.991072 -87.661837 42.000643 -87.654573 8 0.000000 0.000000
592 41.991072 -87.654573 42.000643 -87.647308 6 0.000000 0.000000
593 41.991072 -87.647308 42.000643 -87.640044 -1 0.000000 0.000000
594 41.991072 -87.640044 42.000643 -87.632779 -1 0.000000 0.000000
595 41.991072 -87.632779 42.000643 -87.625514 -1 0.000000 0.000000
596 41.991072 -87.625514 42.000643 -87.618250 -1 0.000000 0.000000
597 41.991072 -87.618250 42.000643 -87.610985 -1 0.000000 0.000000
598 41.991072 -87.610985 42.000643 -87.603721 -1 0.000000 0.000000
599 41.991072 -87.603721 42.000643 -87.596456 -1 0.000000 0.000000
600 42.000643 -87.814392 42.010214 -87.807127 -1 0.000000 0.000000
601 42.000643 -87.807127 42.010214 -87.799863 -1 0.000000 0.000000
602 42.000643 -87.799863 42.010214 -87.792598 -1 0.000000 0.000000
603 42.000643 -87.792598 42.010214 -87.785334 -1 0.000000 0.000000
604 42.000643 -87.785334 42.010214 -87.778069 -1 0.000000 0.000000
605 42.000643 -87.778069 42.010214 -87.770805 -1 0.000000 0.000000
606 42.000643 -87.770805 42.010214 -87.763540 7 0.000000 0.000000
607 42.000643 -87.763540 42.010214 -87.756276 7 0.000000 0.000000
608 42.000643 -87.756276 42.010214 -87.749011 7 0.000000 0.000000
609 42.000643 -87.749011 42.010214 -87.741747 7 0.000000 0.000000
610 42.000643 -87.741747 42.010214 -87.734482 9 0.000000 0.000000
611 42.000643 -87.734482 42.010214 -87.727218 9 0.000000 0.000000
612 42.000643 -87.727218 42.010214 -87.719953 9 0.000000 0.000000
613 42.000643 -87.719953 42.010214 -87.712689 7 0.000000 0.000000
614 42.000643 -87.712689 42.010214 -87.705424 9 0.000000 0.000000
615 42.000643 -87.705424 42.010214 -87.698160 9 0.000000 0.000000
616 42.000643 -87.698160 42.010214 -87.690895 8 0.000000 0.000000
617 42.000643 -87.690895 42.010214 -87.683631 8 0.000000 0.000000
618 42.000643 -87.683631 42.010214 -87.676366 8 0.000000 0.000000
619 42.000643 -87.676366 42.010214 -87.669102 8 0.000000 0.000000
620 42.000643 -87.669102 42.010214 -87.661837 8 0.000000 0.000000
621 42.000643 -87.661837 42.010214 -87.654573 8 0.000000 0.000000
622 42.000643 -87.654573 42.010214 -87.647308 -1 0.000000 0.000000
623 42.000643 -87.647308 42.010214 -87.640044 -1 0.000000 0.000000
624 42.000643 -87.640044 42.010214 -87.632779 -1 0.000000 0.000000
625 42.000643 -87.632779 42.010214 -87.625514 -1 0.000000 0.000000
626 42.000643 -87.625514 42.010214 -87.618250 -1 0.000000 0.000000
627 42.000643 -87.618250 42.010214 -87.610985 -1 0.000000 0.000000
628 42.000643 -87.610985 42.010214 -87.603721 -1 0.000000 0.000000
629 42.000643 -87.603721 42.010214 -87.596456 -1 0.000000 0.000000
630 42.010214 -87.814392 42.019785 -87.807127 -1 0.000000 0.000000
631 42.010214 -87.807127 42.019785 -87.799863 -1 0.000000 0.000000
632 42.010214 -87.799863 42.019785 -87.792598 -1 0.000000 0.000000
633 42.010214 -87.792598 42.019785 -87.785334 -1 0.000000 0.000000
634 42.010214 -87.785334 42.019785 -87.778069 -1 0.000000 0.000000
635 42.010214 -87.778069 42.019785 -87.770805 -1 0.000000 0.000000
636 42.010214 -87.770805 42.019785 -87.763540 -1 0.000000 0.000000
637 42.010214 -87.763540 42.019785 -87.756276 7 0.000000 0.000000
638 42.010214 -87.756276 42.019785 -87.749011 9 0.000000 0.000000
639 42.010214 -87.749011 42.019785 -87.741747 9 0.000000 0.000000
640 42.010214 -87.741747 42.019785 -87.734482 9 0.000000 0.000000
641 42.010214 -87.734482 42.019785 -87.727218 7 0.000000 0.000000
642 42.010214 -87.727218 42.019785 -87.719953 9 0.000000 0.000000
643 42.010214 -87.719953 42.019785 -87.712689 9 0.000000 0.000000
644 42.010214 -87.712689 42.019785 -87.705424 9 0.000000 0.000000
645 42.010214 -87.705424 42.019785 -87.698160 9 0.000000 0.000000
646 42.010214 -87.698160 42.019785 -87.690895 8 0.000000 0.000000
647 42.010214 -87.690895 42.019785 -87.683631 8 0.000000 0.000000
648 42.010214 -87.683631 42.019785 -87.676366 8 0.000000 0.000000
649 42.010214 -87.676366 42.019785 -87.669102 8 0.000000 0.000000
650 42.010214 -87.669102 42.019785 -87.661837 8 0.000000 0.000000
651 42.010214 -87.661837 42.019785 -87.654573 8 0.000000 0.000000
652 42.010214 -87.654573 42.019785 -87.647308 -1 0.000000 0.000000
653 42.010214 -87.647308 42.019785 -87.640044 -1 0.000000 0.000000
654 42.010214 -87.640044 42.019785 -87.632779 -1 0.000000 0.000000
655 42.010214 -87.632779 42.019785 -87.625514 -1 0.000000 0.000000
656 42.010214 -87.625514 42.019785 -87.618250 -1 0.000000 0.000000
657 42.010214 -87.618250 42.019785 -87.610985 -1 0.000000 0.000000
658 42.010214 -87.610985 42.019785 -87.603721 -1 0.000000 0.000000
659 42.010214 -87.603721 42.019785 -87.596456 -1 0.000000 0.000000
660 42.019785 -87.814392 42.029356 -87.807127 -1 0.000000 0.000000
661 42.019785 -87.807127 42.029356 -87.799863 -1 0.000000 0.000000
662 42.019785 -87.799863 42.029356 -87.792598 -1 0.000000 0.000000
663 42.019785 -87.792598 42.029356 -87.785334 -1 0.000000 0.000000
664 42.019785 -87.785334 42.029356 -87.778069 -1 0.000000 0.000000
665 42.019785 -87.778069 42.029356 -87.770805 -1 0.000000 0.000000
666 42.019785 -87.770805 42.029356 -87.763540 9 0.000000 0.000000
667 42.019785 -87.763540 42.029356 -87.756276 9 0.000000 0.000000
668 42.019785 -87.756276 42.029356 -87.749011 9 0.000000 0.000000
669 42.019785 -87.749011 42.029356 -87.741747 9 0.000000 0.000000
670 42.019785 -87.741747 42.029356 -87.734482 9 0.000000 0.000000
671 42.019785 -87.734482 42.029356 -87.727218 9 0.000000 0.000000
672 42.019785 -87.727218 42.029356 -87.719953 9 0.000000 0.000000
673 42.019785 -87.719953 42.029356 -87.712689 9 0.000000 0.000000
674 42.019785 -87.712689 42.029356 -87.705424 9 0.000000 0.000000
675 42.019785 -87.705424 42.029356 -87.698160 9 0.000000 0.000000
676 42.019785 -87.698160 42.029356 -87.690895 9 0.000000 0.000000
677 42.019785 -87.690895 42.029356 -87.683631 9 0.000000 0.000000
678 42.019785 -87.683631 42.029356 -87.676366 8 0.000000 0.000000
679 42.019785 -87.676366 42.029356 -87.669102 8 0.000000 0.000000
680 42.019785 -87.669102 42.029356 -87.661837 8 0.000000 0.000000
681 42.019785 -87.661837 42.029356 -87.654573 -1 0.000000 0.000000
682 42.019785 -87.654573 42.029356 -87.647308 -1 0.000000 0.000000
683 42.019785 -87.647308 42.029356 -87.640044 -1 0.000000 0.000000
684 42.019785 -87.640044 42.029356 -87.632779 -1 0.000000 0.000000
685 42.019785 -87.632779 42.029356 -87.625514 -1 0.000000 0.000000
686 42.019785 -87.625514 42.029356 -87.618250 -1 0.000000 0.000000
687 42.019785 -87.618250 42.029356 -87.610985 -1 0.000000 0.000000
688 42.019785 -87.610985 42.029356 -87.603721 -1 0.000000 0.000000
689 42.019785 -87.603721 42.029356 -87.596456 -1 0.000000 0.000000
690 42.029356 -87.814392 42.038927 -87.807127 -1 0.000000 0.000000
691 42.029356 -87.807127 42.038927 -87.799863 -1 0.000000 0.000000
692 42.029356 -87.799863 42.038927 -87.792598 -1 0.000000 0.000000
693 42.029356 -87.792598 42.038927 -87.785334 -1 0.000000 0.000000
694 42.029356 -87.785334 42.038927 -87.778069 -1 0.000000 0.000000
695 42.029356 -87.778069 42.038927 -87.770805 -1 0.000000 0.000000
696 42.029356 -87.770805 42.038927 -87.763540 9 0.000000 0.000000
697 42.029356 -87.763540 42.038927 -87.756276 9 0.000000 0.000000
698 42.029356 -87.756276 42.038927 -87.749011 9 0.000000 0.000000
699 42.029356 -87.749011 42.038927 -87.741747 9 0.000000 0.000000
700 42.029356 -87.741747 42.038927 -87.734482 9 0.000000 0.000000
701 42.029356 -87.734482 42.038927 -87.727218 9 0.000000 0.000000
702 42.029356 -87.727218 42.038927 -87.719953 9 0.000000 0.000000
703 42.029356 -87.719953 42.038927 -87.712689 9 0.000000 0.000000
704 42.029356 -87.712689 42.038927 -87.705424 9 0.000000 0.000000
705 42.029356 -87.705424 42.038927 -87.698160 9 0.000000 0.000000
706 42.029356 -87.698160 42.038927 -87.690895 9 0.000000 0.000000
707 42.029356 -87.690895 42.038927 -87.683631 9 0.000000 0.000000
708 42.029356 -87.683631 42.038927 -87.676366 9 0.000000 0.000000
709 42.029356 -87.676366 42.038927 -87.669102 9 0.000000 0.000000
710 42.029356 -87.669102 42.038927 -87.661837 9 0.000000 0.000000
711 42.029356 -87.661837 42.038927 -87.654573 -1 0.000000 0.000000
712 42.029356 -87.654573 42.038927 -87.647308 -1 0.000000 0.000000
713 42.029356 -87.647308 42.038927 -87.640044 -1 0.000000 0.000000
714 42.029356 -87.640044 42.038927 -87.632779 -1 0.000000 0.000000
715 42.029356 -87.632779 42.038927 -87.625514 -1 0.000000 0.000000
716 42.029356 -87.625514 42.038927 -87.618250 -1 0.000000 0.000000
717 42.029356 -87.618250 42.038927 -87.610985 -1 0.000000 0.000000
718 42.029356 -87.610985 42.038927 -87.603721 -1 0.000000 0.000000
719 42.029356 -87.603721 42.038927 -87.596456 -1 0.000000 0.000000
720 42.038927 -87.814392 42.048498 -87.807127 -1 0.000000 0.000000
721 42.038927 -87.807127 42.048498 -87.799863 -1 0.000000 0.000000
722 42.038927 -87.799863 42.048498 -87.792598 -1 0.000000 0.000000
723 42.038927 -87.792598 42.048498 -87.785334 -1 0.000000 0.000000
724 42.038927 -87.785334 42.048498 -87.778069 -1 0.000000 0.000000
725 42.038927 -87.778069 42.048498 -87.770805 -1 0.000000 0.000000
726 42.038927 -87.770805 42.048498 -87.763540 -1 0.000000 0.000000
727 42.038927 -87.763540 42.048498 -87.756276 9 0.000000 0.000000
728 42.038927 -87.756276 42.048498 -87.749011 9 0.000000 0.000000
729 42.038927 -87.749011 42.048498 -87.741747 9 0.000000 0.000000
730 42.038927 -87.741747 42.048498 -87.734482 9 0.000000 0.000000
731 42.038927 -87.734482 42.048498 -87.727218 9 0.000000 0.000000
732 42.038927 -87.727218 42.048498 -87.719953 9 0.000000 0.000000
733 42.038927 -87.719953 42.048498 -87.712689 9 0.000000 0.000000
734 42.038927 -87.712689 42.048498 -87.705424 9 0.000000 0.000000
735 42.038927 -87.705424 42.048498 -87.698160 9 0.000000 0.000000
736 42.038927 -87.698160 42.048498 -87.690895 9 0.000000 0.000000
737 42.038927 -87.690895 42.048498 -87.683631 9 0.000000 0.000000
738 42.038927 -87.683631 42.048498 -87.676366 9 0.000000 0.000000
739 42.038927 -87.676366 42.048498 -87.669102 9 0.000000 0.000000
740 42.038927 -87.669102 42.048498 -87.661837 -1 0.000000 0.000000
741 42.038927 -87.661837 42.048498 -87.654573 -1 0.000000 0.000000
742 42.038927 -87.654573 42.048498 -87.647308 -1 0.000000 0.000000
743 42.038927 -87.647308 42.048498 -87.640044 -1 0.000000 0.000000
744 42.038927 -87.640044 42.048498 -87.632779 -1 0.000000 0.000000
745 42.038927 -87.632779 42.048498 -87.625514 -1 0.000000 0.000000
746 42.038927 -87.625514 42.048498 -87.618250 -1 0.000000 0.000000
747 42.038927 -87.618250 42.048498 -87.610985 -1 0.000000 0.000000
748 42.038927 -87.610985 42.048498 -87.603721 -1 0.000000 0.000000
749 42.038927 -87.603721 42.048498 -87.596456 -1 0.000000 0.000000
750 42.048498 -87.814392 42.058069 -87.807127 -1 0.000000 0.000000
751 42.048498 -87.807127 42.058069 -87.799863 -1 0.000000 0.000000
752 42.048498 -87.799863 42.058069 -87.792598 -1 0.000000 0.000000
753 42.048498 -87.792598 42.058069 -87.785334 -1 0.000000 0.000000
754 42.048498 -87.785334 42.058069 -87.778069 -1 0.000000 0.000000
755 42.048498 -87.778069 42.058069 -87.770805 -1 0.000000 0.000000
756 42.048498 -87.770805 42.058069 -87.763540 -1 0.000000 0.000000
757 42.048498 -87.763540 42.058069 -87.756276 -1 0.000000 0.000000
758 42.048498 -87.756276 42.058069 -87.749011 -1 0.000000 0.000000
759 42.048498 -87.749011 42.058069 -87.741747 9 0.000000 0.000000
760 42.048498 -87.741747 42.058069 -87.734482 9 0.000000 0.000000
761 42.048498 -87.734482 42.058069 -87.727218 9 0.000000 0.000000
762 42.048498 -87.727218 42.058069 -87.719953 9 0.000000 0.000000
763 42.048498 -87.719953 42.058069 -87.712689 9 0.000000 0.000000
764 42.048498 -87.712689 42.058069 -87.705424 9 0.000000 0.000000
765 42.048498 -87.705424 42.058069 -87.698160 9 0.000000 0.000000
766 42.048498 -87.698160 42.058069 -87.690895 9 0.000000 0.000000
767 42.048498 -87.690895 42.058069 -87.683631 9 0.000000 0.000000
768 42.048498 -87.683631 42.058069 -87.676366 8 0.000000 0.000000
769 42.048498 -87.676366 42.058069 -87.669102 8 0.000000 0.000000
770 42.048498 -87.669102 42.058069 -87.661837 -1 0.000000 0.000000
771 42.048498 -87.661837 42.058069 -87.654573 -1 0.000000 0.000000
772 42.048498 -87.654573 42.058069 -87.647308 -1 0.000000 0.000000
773 42.048498 -87.647308 42.058069 -87.640044 -1 0.000000 0.000000
774 42.048498 -87.640044 42.058069 -87.632779 -1 0.000000 0.000000
775 42.048498 -87.632779 42.058069 -87.625514 -1 0.000000 0.000000
776 42.048498 -87.625514 42.058069 -87.618250 -1 0.000000 0.000000
777 42.048498 -87.618250 42.058069 -87.610985 -1 0.000000 0.000000
778 42.048498 -87.610985 42.058069 -87.603721 -1 0.000000 0.000000
779 42.048498 -87.603721 42.058069 -87.596456 -1 0.000000 0.000000
780 42.058069 -87.814392 42.067640 -87.807127 -1 0.000000 0.000000
781 42.058069 -87.807127 42.067640 -87.799863 -1 0.000000 0.000000
782 42.058069 -87.799863 42.067640 -87.792598 -1 0.000000 0.000000
783 42.058069 -87.792598 42.067640 -87.785334 -1 0.000000 0.000000
784 42.058069 -87.785334 42.067640 -87.778069 -1 0.000000 0.000000
785 42.058069 -87.778069 42.067640 -87.770805 -1 0.000000 0.000000
786 42.058069 -87.770805 42.067640 -87.763540 -1 0.000000 0.000000
787 42.058069 -87.763540 42.067640 -87.756276 -1 0.000000 0.000000
788 42.058069 -87.756276 42.067640 -87.749011 -1 0.000000 0.000000
789 42.058069 -87.749011 42.067640 -87.741747 -1 0.000000 0.000000
790 42.058069 -87.741747 42.067640 -87.734482 -1 0.000000 0.000000
791 42.058069 -87.734482 42.067640 -87.727218 9 0.000000 0.000000
792 42.058069 -87.727218 42.067640 -87.719953 9 0.000000 0.000000
793 42.058069 -87.719953 42.067640 -87.712689 9 0.000000 0.000000
794 42.058069 -87.712689 42.067640 -87.705424 9 0.000000 0.000000
795 42.058069 -87.705424 42.067640 -87.698160 9 0.000000 0.000000
796 42.058069 -87.698160 42.067640 -87.690895 9 0.000000 0.000000
797 42.058069 -87.690895 42.067640 -87.683631 9 0.000000 0.000000
798 42.058069 -87.683631 42.067640 -87.676366 -1 0.000000 0.000000
799 42.058069 -87.676366 42.067640 -87.669102 -1 0.000000 0.000000
800 42.058069 -87.669102 42.067640 -87.661837 -1 0.000000 0.000000
801 42.058069 -87.661837 42.067640 -87.654573 -1 0.000000 0.000000
802 42.058069 -87.654573 42.067640 -87.647308 -1 0.000000 0.000000
803 42.058069 -87.647308 42.067640 -87.640044 -1 0.000000 0.000000
804 42.058069 -87.640044 42.067640 -87.632779 -1 0.000000 0.000000
805 42.058069 -87.632779 42.067640 -87.625514 -1 0.000000 0.000000
806 42.058069 -87.625514 42.067640 -87.618250 -1 0.000000 0.000000
807 42.058069 -87.618250 42.067640 -87.610985 -1 0.000000 0.000000
808 42.058069 -87.610985 42.067640 -87.603721 -1 0.000000 0.000000
809 42.058069 -87.603721 42.067640 -87.596456 -1 0.000000 0.000000
810 42.067640 -87.814392 42.077211 -87.807127 -1 0.000000 0.000000
811 42.067640 -87.807127 42.077211 -87.799863 -1 0.000000 0.000000
812 42.067640 -87.799863 42.077211 -87.792598 -1 0.000000 0.000000
813 42.067640 -87.792598 42.077211 -87.785334 -1 0.000000 0.000000
814 42.067640 -87.785334 42.077211 -87.778069 -1 0.000000 0.000000
815 42.067640 -87.778069 42.077211 -87.770805 -1 0.000000 0.000000
816 42.067640 -87.770805 42.077211 -87.763540 -1 0.000000 0.000000
817 42.067640 -87.763540 42.077211 -87.756276 -1 0.000000 0.000000
818 42.067640 -87.756276 42.077211 -87.749011 -1 0.000000 0.000000
819 42.067640 -87.749011 42.077211 -87.741747 -1 0.000000 0.000000
820 42.067640 -87.741747 42.077211 -87.734482 -1 0.000000 0.000000
821 42.067640 -87.734482 42.077211 -87.727218 -1 0.000000 0.000000
822 42.067640 -87.727218 42.077211 -87.719953 -1 0.000000 0.000000
823 42.067640 -87.719953 42.077211 -87.712689 9 0.000000 0.000000
824 42.067640 -87.712689 42.077211 -87.705424 9 0.000000 0.000000
825 42.067640 -87.705424 42.077211 -87.698160 -1 0.000000 0.000000
826 42.067640 -87.698160 42.077211 -87.690895 -1 0.000000 0.000000
827 42.067640 -87.690895 42.077211 -87.683631 -1 0.000000 0.000000
828 42.067640 -87.683631 42.077211 -87.676366 -1 0.000000 0.000000
829 42.067640 -87.676366 42.077211 -87.669102 -1 0.000000 0.000000
830 42.067640 -87.669102 42.077211 -87.661837 -1 0.000000 0.000000
831 42.067640 -87.661837 42.077211 -87.654573 -1 0.000000 0.000000
832 42.067640 -87.654573 42.077211 -87.647308 -1 0.000000 0.000000
833 42.067640 -87.647308 42.077211 -87.640044 -1 0.000000 0.000000
834 42.067640 -87.640044 42.077211 -87.632779 -1 0.000000 0.000000
835 42.067640 -87.632779 42.077211 -87.625514 -1 0.000000 0.000000
836 42.067640 -87.625514 42.077211 -87.618250 -1 0.000000 0.000000
837 42.067640 -87.618250 42.077211 -87.610985 -1 0.000000 0.000000
838 42.067640 -87.610985 42.077211 -87.603721 -1 0.000000 0.000000
839 42.067640 -87.603721 42.077211 -87.596456 -1 0.000000 0.000000
840 42.077211 -87.814392 42.086782 -87.807127 -1 0.000000 0.000000
841 42.077211 -87.807127 42.086782 -87.799863 -1 0.000000 0.000000
842 42.077211 -87.799863 42.086782 -87.792598 -1 0.000000 0.000000
843 42.077211 -87.792598 42.086782 -87.785334 -1 0.000000 0.000000
844 42.077211 -87.785334 42.086782 -87.778069 -1 0.000000 0.000000
845 42.077211 -87.778069 42.086782 -87.770805 -1 0.000000 0.000000
846 42.077211 -87.770805 42.086782 -87.763540 -1 0.000000 0.000000
847 42.077211 -87.763540 42.086782 -87.756276 -1 0.000000 0.000000
848 42.077211 -87.756276 42.086782 -87.749011 -1 0.000000 0.000000
849 42.077211 -87.749011 42.086782 -87.741747 -1 0.000000 0.000000
850 42.077211 -87.741747 42.086782 -87.734482 -1 0.000000 0.000000
851 42.077211 -87.734482 42.086782 -87.727218 -1 0.000000 0.000000
852 42.077211 -87.727218 42.086782 -87.719953 -1 0.000000 0.000000
853 42.077211 -87.719953 42.086782 -87.712689 -1 0.000000 0.000000
854 42.077211 -87.712689 42.086782 -87.705424 -1 0.000000 0.000000
855 42.077211 -87.705424 42.086782 -87.698160 -1 0.000000 0.000000
856 42.077211 -87.698160 42.086782 -87.690895 -1 0.000000 0.000000
857 42.077211 -87.690895 42.086782 -87.683631 -1 0.000000 0.000000
858 42.077211 -87.683631 42.086782 -87.676366 -1 0.000000 0.000000
859 42.077211 -87.676366 42.086782 -87.669102 -1 0.000000 0.000000
860 42.077211 -87.669102 42.086782 -87.661837 -1 0.000000 0.000000
861 42.077211 -87.661837 42.086782 -87.654573 -1 0.000000 0.000000
862 42.077211 -87.654573 42.086782 -87.647308 -1 0.000000 0.000000
863 42.077211 -87.647308 42.086782 -87.640044 -1 0.000000 0.000000
864 42.077211 -87.640044 42.086782 -87.632779 -1 0.000000 0.000000
865 42.077211 -87.632779 42.086782 -87.625514 -1 0.000000 0.000000
866 42.077211 -87.625514 42.086782 -87.618250 -1 0.000000 0.000000
867 42.077211 -87.618250 42.086782 -87.610985 -1 0.000000 0.000000
868 42.077211 -87.610985 42.086782 -87.603721 -1 0.000000 0.000000
869 42.077211 -87.603721 42.086782 -87.596456 -1 0.000000 0.000000
870 42.086782 -87.814392 42.096353 -87.807127 -1 0.000000 0.000000
871 42.086782 -87.807127 42.096353 -87.799863 -1 0.000000 0.000000
872 42.086782 -87.799863 42.096353 -87.792598 -1 0.000000 0.000000
873 42.086782 -87.792598 42.096353 -87.785334 -1 0.000000 0.000000
874 42.086782 -87.785334 42.096353 -87.778069 -1 0.000000 0.000000
875 42.086782 -87.778069 42.096353 -87.770805 -1 0.000000 0.000000
876 42.086782 -87.770805 42.096353 -87.763540 -1 0.000000 0.000000
877 42.086782 -87.763540 42.096353 -87.756276 -1 0.000000 0.000000
878 42.086782 -87.756276 42.096353 -87.749011 -1 0.000000 0.000000
879 42.086782 -87.749011 42.096353 -87.741747 -1 0.000000 0.000000
880 42.086782 -87.741747 42.096353 -87.734482 -1 0.000000 0.000000
881 42.086782 -87.734482 42.096353 -87.727218 -1 0.000000 0.000000
882 42.086782 -87.727218 42.096353 -87.719953 -1 0.000000 0.000000
883 42.086782 -87.719953 42.096353 -87.712689 -1 0.000000 0.000000
884 42.086782 -87.712689 42.096353 -87.705424 -1 0.000000 0.000000
885 42.086782 -87.705424 42.096353 -87.698160 -1 0.000000 0.000000
886 42.086782 -87.698160 42.096353 -87.690895 -1 0.000000 0.000000
887 42.086782 -87.690895 42.096353 -87.683631 -1 0.000000 0.000000
888 42.086782 -87.683631 42.096353 -87.676366 -1 0.000000 0.000000
889 42.086782 -87.676366 42.096353 -87.669102 -1 0.000000 0.000000
890 42.086782 -87.669102 42.096353 -87.661837 -1 0.000000 0.000000
891 42.086782 -87.661837 42.096353 -87.654573 -1 0.000000 0.000000
892 42.086782 -87.654573 42.096353 -87.647308 -1 0.000000 0.000000
893 42.086782 -87.647308 42.096353 -87.640044 -1 0.000000 0.000000
894 42.086782 -87.640044 42.096353 -87.632779 -1 0.000000 0.000000
895 42.086782 -87.632779 42.096353 -87.625514 -1 0.000000 0.000000
896 42.086782 -87.625514 42.096353 -87.618250 -1 0.000000 0.000000
897 42.086782 -87.618250 42.096353 -87.610985 -1 0.000000 0.000000
898 42.086782 -87.610985 42.096353 -87.603721 -1 0.000000 0.000000
899 42.086782 -87.603721 42.096353 -87.596456 -1 0.000000 0.000000
