3.44894e+06 3.46447e+06 3.46452e+06 3.44778e+06
3.01598e+06 3.01165e+06 3.01929e+06 3.02418e+06
2.60655e+06 2.60877e+06 2.59935e+06 2.6037e+06
2.20591e+06 2.19778e+06 2.19038e+06 2.20362e+06
1.85881e+06 1.85608e+06 1.85425e+06 1.86596e+06
1.56479e+06 1.56344e+06 1.5777e+06 1.56372e+06
1.35462e+06 1.34854e+06 1.35008e+06 1.34367e+06
1.202e+06 1.20943e+06 1.19922e+06 1.20161e+06
1.10701e+06 1.10573e+06 1.10744e+06 1.11222e+06
1.06331e+06 1.05178e+06 1.05284e+06 1.04622e+06
1.05181e+06 1.05566e+06 1.05771e+06 1.05264e+06
1.11653e+06 1.10719e+06 1.13392e+06 1.1089e+06
1.30026e+06 1.32038e+06 1.32033e+06 1.33668e+06
1.71326e+06 1.77519e+06 1.74918e+06 1.74365e+06
2.36876e+06 2.33555e+06 2.46828e+06 2.35093e+06
3.06806e+06 3.14639e+06 3.08137e+06 3.10071e+06
