31 337 66 75 1
56 1001 5 45 1
68 731 12 81 1
73 443 7 42 1
76 430 13 96 1
88 453 84 61 1
97 232 25 22 1
101 792 97 70 1
109 450 13 44 1
191 598 39 90 1
231 841 58 40 1
234 576 21 2 1
246 1070 88 68 1
273 466 34 81 1
299 635 8 35 1
306 1017 11 52 1
319 626 50 72 1
358 538 53 49 0
364 757 2 13 1
408 791 31 20 1
420 1282 86 57 1
433 773 64 69 1
448 857 89 15 1
462 864 96 12 1
465 1069 59 56 1
513 791 59 34 1
709 911 35 20 1
713 1136 89 62 1
725 1396 12 33 1
733 1882 27 2 1
736 1255 53 2 1
741 1766 6 0 1
748 1646 6 46 1
787 1649 19 9 1
788 1279 87 46 1
793 1221 45 64 1
802 2179 31 41 1
805 1267 42 86 1
818 1025 27 87 1
840 1456 47 50 1
854 1305 52 47 1
858 1196 57 76 1
883 1543 52 97 1
913 1437 89 76 1
917 1497 5 95 1
921 1308 31 67 1
949 2162 42 3 1
954 1265 23 77 1
957 1226 62 14 1
975 1903 23 19 1
977 2182 32 36 1
986 1787 52 63 1
993 2283 30 43 1
994 1640 69 65 1
1009 2168 23 14 1
1023 1643 35 57 1
1107 1765 27 98 1
1116 1703 22 79 1
1177 2033 12 93 1
1199 2080 24 97 1
1201 1753 97 10 1
1208 1603 89 20 1
1212 1800 65 84 1
1235 1686 69 31 1
1236 2095 55 49 1
1282 2131 53 51 1
1303 2113 64 95 1
1306 2208 96 86 1
1318 2152 92 70 1
1337 2017 54 35 1
1375 2079 25 94 1
1384 2656 58 42 1
1397 2597 23 39 1
1409 2308 32 86 1
1420 2437 19 70 1
1429 2295 55 33 1
1444 2179 80 89 1
1521 2743 1 19 1
1537 2564 14 63 1
1543 2629 7 81 1
1546 2573 50 44 1
1556 2403 54 72 1
1564 2843 47 15 1
1567 2667 54 74 1
1573 2704 69 92 1
1594 2311 81 16 1
1615 2760 86 70 1
1667 3016 91 54 1
1701 2838 7 96 1
1702 2507 67 9 1
1728 2708 65 36 1
1737 2736 46 75 1
1774 2992 10 97 1
1784 2963 73 55 1
1814 2779 40 24 1
1815 2872 4 22 1
1846 2966 71 72 1
1857 2954 37 33 1
1868 2815 68 10 1
1899 2924 84 10 1
1904 3212 3 42 1
1906 3227 64 95 1
1907 2957 30 96 1
1916 3243 51 19 1
1923 3151 80 74 1
1932 3205 72 66 1
1940 2771 30 76 1
1947 3108 76 17 1
1986 3160 5 61 1
1997 3285 93 27 1
2006 2186 98 46 0
2012 3232 20 95 1
2016 3380 59 15 1
2017 3279 43 36 1
2020 3305 5 16 1
2028 3481 86 10 1
2064 3330 64 63 1
2097 3262 75 85 1
2105 3542 56 31 1
2119 3400 89 70 1
2157 3613 59 23 1
2180 3430 62 72 1
2197 3507 38 0 1
2203 2383 49 39 0
2219 3503 43 54 1
2229 2409 55 11 0
2249 3705 81 6 1
2261 3237 17 74 1
2291 3458 24 37 1
2360 3546 7 71 1
2373 3743 66 96 1
2393 3652 23 53 1
2395 3889 96 96 1
2398 3634 14 43 1
2400 2580 46 48 0
2448 3594 29 28 1
2458 3864 58 3 1
2481 2661 93 8 0
2510 3781 25 62 1
2535 4018 38 94 1
2565 3782 14 33 1
2569 3887 78 22 1
2599 4008 31 87 1
2603 2783 45 62 0
2604 2784 34 97 0
2631 3992 87 24 1
2688 4187 4 11 1
2731 3901 25 25 1
2736 4211 75 46 1
2762 3734 65 73 1
2769 4236 51 50 1
2773 4133 66 20 1
2780 4225 91 98 1
2828 4279 59 45 1
2831 4149 68 51 1
2898 4129 44 27 1
2914 4296 5 8 1
2918 4142 67 94 1
2920 4104 64 77 1
2929 3109 86 89 0
2939 4235 86 32 1
2949 4128 32 18 1
2952 3132 98 38 0
2975 3155 97 83 0
3049 4518 98 5 1
3059 4209 34 97 1
3165 4205 33 97 1
3180 4158 79 22 1
3223 4506 80 82 1
3231 4229 35 14 1
3318 4483 65 14 1
3320 4645 69 47 1
3321 4346 19 17 1
3325 4544 65 73 1
3335 4403 72 23 1
3336 4549 68 34 1
3344 4551 7 79 1
3415 4509 7 53 1
3445 4872 88 69 1
3461 3641 66 55 0
3484 4744 86 27 1
3486 4340 18 71 1
3495 3675 95 10 0
3514 4900 67 67 1
3519 4502 30 61 1
3521 4927 76 84 1
3566 4785 66 21 1
3569 4813 10 96 1
3584 5014 61 44 1
3585 5015 58 41 1
3596 4358 21 15 1
3664 4877 44 65 1
3670 5100 39 99 1
3672 5096 92 83 1
3676 3856 43 56 0
3690 5060 29 88 1
3703 5126 86 10 1
3730 4537 40 31 1
3733 5034 73 91 1
3757 3937 84 87 0
3807 5293 76 65 1
3807 3987 99 74 0
3831 4011 46 53 0
3844 4024 84 91 0
3848 4738 1 25 1
3900 5043 77 12 1
3916 5188 77 9 1
3953 4770 14 32 1
3983 5202 64 28 1
4000 4180 59 8 0
4020 5146 20 93 1
4029 5505 67 42 1
4033 4767 31 17 1
4089 5403 86 64 1
4090 5445 61 85 1
4090 4995 2 34 1
4148 5632 89 34 1
4149 5342 68 71 1
4150 4330 77 46 0
4161 4985 38 10 1
4184 5179 7 33 1
4213 4393 78 1 0
4224 4404 99 25 0
4226 5698 82 37 1
4248 5697 57 61 1
4250 5273 34 32 1
4267 5008 18 72 1
4288 5297 10 65 1
4289 5466 46 78 1
4309 5532 38 48 1
4327 4507 99 41 0
4331 5621 11 95 1
4338 5288 31 20 1
4343 5840 97 21 1
4367 5667 11 69 1
4390 5711 23 60 1
4405 4585 96 6 0
4488 5881 86 41 1
4511 5496 73 82 1
4529 5450 31 42 1
4534 5842 34 92 1
4548 5662 71 54 1
4584 5967 45 87 1
4606 5836 80 14 1
4632 5664 3 3 1
4700 6014 27 91 1
4701 6025 13 74 1
4775 5808 82 22 1
4792 6263 7 79 1
4843 6301 6 81 1
4867 5794 88 82 1
4875 6068 91 21 1
4878 5058 1 57 0
4878 6325 45 68 1
4921 5860 46 35 1
4952 6158 73 38 1
4978 5837 54 78 1
5001 6274 72 1 1
5007 5915 2 18 1
5029 6414 45 79 1
5049 5811 16 17 1
5064 5752 67 78 1
5068 5757 72 78 1
5070 6504 10 66 1
5101 6515 8 76 1
5106 5286 48 87 0
5109 5289 38 86 0
5118 5982 34 42 1
5150 6264 59 97 1
5159 6207 60 63 1
5169 6404 97 58 1
5211 6529 51 96 1
5232 6255 67 19 1
5246 6230 79 69 1
5261 6755 43 86 1
5290 5470 50 95 0
5294 6589 93 79 1
5310 6774 84 55 1
5351 6307 60 27 1
5381 6284 71 21 1
5394 5574 54 96 0
5397 6693 58 36 1
5440 6528 27 78 1
5461 6630 83 32 1
5485 6466 15 43 1
5493 6760 31 59 1
5527 6780 80 86 1
5555 6775 63 43 1
5580 6781 0 48 1
5630 7031 40 90 1
5680 6416 16 21 1
5716 6846 28 67 1
5719 6614 68 19 1
5752 6685 41 23 1
5794 6991 5 69 1
5824 7056 39 64 1
5834 7156 35 58 1
5854 6693 26 39 1
5885 6692 10 24 1
5958 6833 48 22 1
5968 6755 85 38 1
6000 6876 43 29 1
6012 6997 83 57 1
6030 7251 88 82 1
6084 7071 13 80 1
6116 7455 86 77 1
6145 7511 63 96 1
6173 7504 49 46 1
6179 7073 25 63 1
6191 6846 63 8 1
6232 7367 10 8 1
6244 7414 78 91 1
6250 7456 33 96 1
6266 7638 55 79 1
6277 7538 14 80 1
6323 7750 35 96 1
6336 7697 93 81 1
6353 7717 4 72 1
6369 6812 84 20 1
6402 7275 39 19 1
6410 7598 79 75 1
6411 7306 19 7 1
6423 7858 84 73 1
6429 7072 77 6 1
6482 7904 54 70 1
6493 7680 30 0 1
6508 7946 77 87 1
6526 8021 61 64 1
6545 7193 55 11 1
6553 7831 36 88 1
6594 6774 90 80 0
6649 8011 10 55 1
6652 8055 33 96 1
6655 7989 2 4 1
6664 7367 64 1 1
6699 7998 26 46 1
6701 8031 74 60 1
6704 6884 9 96 0
6716 7269 70 28 1
6758 8008 15 10 1
6768 7889 26 20 1
6777 8268 47 92 1
6831 7528 65 39 1
6839 8192 88 89 1
6905 7527 70 13 1
6961 7141 96 56 0
6963 7769 95 6 1
7061 8437 84 94 1
7077 7465 74 21 1
7117 7738 90 32 1
7120 8365 67 62 1
7170 8594 94 60 1
7212 8675 99 59 1
7291 8495 69 61 1
7304 8398 41 68 1
7315 8639 0 93 1
7324 8090 38 25 1
7325 7879 53 13 1
7333 8667 8 83 1
7379 8487 0 1 1
7403 8379 3 10 1
7405 8576 61 70 1
7410 7914 58 42 1
7441 8608 14 71 1
7453 8880 7 66 1
7475 8915 22 94 1
7552 9003 85 52 1
7558 7993 73 39 1
7559 7739 90 59 0
7576 8937 73 58 1
7619 9070 78 99 1
7623 8056 80 22 1
7631 8706 9 4 1
7651 8254 85 17 1
7692 8312 81 29 1
7693 8342 73 31 1
7803 9002 18 96 1
7825 9090 64 61 1
7831 8833 95 53 1
7836 9124 36 61 1
7841 9027 20 63 1
7862 9341 27 59 1
7870 8050 45 56 0
7870 9261 86 52 1
7882 8062 43 88 0
7920 9353 13 67 1
7927 9341 82 65 1
7930 8445 76 31 1
7954 8134 41 92 0
7956 9456 62 74 1
7969 8707 16 1 1
7971 8633 68 19 1
8006 8186 57 89 0
8007 8835 49 10 1
8009 9347 14 98 1
8044 9469 71 64 1
8057 9106 49 19 1
8067 8247 67 88 0
8097 8277 82 90 0
8106 8875 89 43 1
8146 9052 62 56 1
8158 8338 6 96 0
8182 8908 83 4 1
8228 9487 22 63 1
8228 9648 76 89 1
8238 8418 7 58 0
8243 8854 61 15 1
8253 9418 5 49 1
8268 9350 11 28 1
8271 8959 58 37 1
8275 8800 74 30 1
8277 9512 24 41 1
8283 8463 0 61 0
8307 9798 79 60 1
8307 9715 19 52 1
8323 9310 98 45 1
8345 9706 26 52 1
8357 8537 95 82 0
8386 8566 44 58 0
8406 9876 67 87 1
8423 9068 79 15 1
8445 9617 50 19 1
8461 9919 69 57 1
8468 9784 18 56 1
8471 8651 53 78 0
8484 9693 14 77 1
8491 9958 84 87 1
8497 9620 76 47 1
8497 9903 60 46 1
8536 9713 22 3 1
8571 9937 0 5 1
8651 9930 4 30 1
8675 10112 91 54 1
8694 9786 20 71 1
8720 9870 72 84 1
8757 10014 34 55 1
8798 9967 90 42 1
8884 9973 19 87 1
8888 10190 6 90 1
8913 10201 69 89 1
8913 10314 55 85 1
8922 10247 34 96 1
8955 10101 9 2 1
8969 10060 38 8 1
8972 9805 72 17 1
8980 10300 2 41 1
9000 9180 36 4 0
9057 10133 68 47 1
9078 10135 65 19 1
9108 10253 22 96 1
9127 10183 71 75 1
9133 10446 83 57 1
9147 10187 75 17 1
9149 10460 82 72 1
9169 10399 28 13 1
9171 10603 55 79 1
9174 10590 89 3 1
9184 10630 10 13 1
9198 9378 7 27 0
9211 10510 9 86 1
9242 10702 91 89 1
9251 9431 92 57 0
9262 10694 84 62 1
9274 9454 68 94 0
9351 10764 80 69 1
9353 10809 86 72 1
9387 9567 77 83 0
9392 10649 34 90 1
9422 10499 61 12 1
9442 10343 75 28 1
9514 10553 18 82 1
9522 9702 86 87 0
9524 9704 54 52 0
9537 9717 93 72 0
9540 9720 80 61 0
9561 9741 70 95 0
9565 10844 49 32 1
9603 10518 75 10 1
9606 9786 57 93 0
9617 11025 12 40 1
9620 10873 29 18 1
9635 10613 75 40 1
9646 10979 41 25 1
9660 11098 67 70 1
9667 9847 4 8 0
9687 9867 86 65 0
9703 11112 36 38 1
9706 9886 49 22 0
9717 10715 15 95 1
9718 9898 5 40 0
9761 9941 11 28 0
9766 9946 95 80 0
9801 9981 50 74 0
9818 9998 96 99 0
9818 9998 94 51 0
9832 10012 64 58 0
9882 11233 47 52 1
9912 10638 89 23 1
9914 11017 29 60 1
9935 11386 52 54 1
9944 10124 99 85 0
9967 11216 84 72 1
9968 11066 98 37 1
10006 11214 38 59 1
10026 11240 27 15 1
10086 11557 96 98 1
10087 11158 18 71 1
10097 10968 83 39 1
10101 10964 62 22 1
10124 11018 90 27 1
10127 11571 3 43 1
10130 11454 99 4 1
10170 11303 22 58 1
10197 11262 69 85 1
10204 11215 93 25 1
10218 11592 44 46 1
10242 11437 52 39 1
10262 11379 27 35 1
10265 11613 94 36 1
10313 11680 96 35 1
10326 11291 64 67 1
10349 11497 23 32 1
10372 11733 45 22 1
10381 11686 31 30 1
10409 11564 47 86 1
10414 11400 91 83 1
10422 11387 84 86 1
10432 11650 87 94 1
10437 11601 39 63 1
10486 11606 45 74 1
10509 11683 46 79 1
10555 11901 43 34 1
10560 10740 4 3 0
10573 12015 18 94 1
10577 11668 94 84 1
10593 10773 34 90 0
10626 11908 91 88 1
10641 11771 91 39 1
10642 11960 48 28 1
10644 11922 85 53 1
10651 11979 11 75 1
10662 11792 80 65 1
10685 10865 46 51 0
10736 12028 40 41 1
10757 11958 71 68 1
10781 12109 32 74 1
10832 11012 13 57 0
10860 11649 80 20 1
10874 11838 84 35 1
10875 11055 24 97 0
10889 12195 90 83 1
10897 12084 3 41 1
10902 11082 37 54 0
10904 12299 51 4 1
10928 12372 59 82 1
10950 12317 61 48 1
10951 11131 74 49 0
10960 12280 69 23 1
10976 12280 19 80 1
10995 11175 76 48 0
11015 11195 91 58 0
11019 11199 59 39 0
11020 12355 77 80 1
11031 12208 24 73 1
11078 12519 55 24 1
11090 11270 99 83 0
11123 11303 52 47 0
11132 12566 50 76 1
11158 11338 95 94 0
11185 12643 62 62 1
11225 12056 23 27 1
11242 12451 16 43 1
11244 12722 99 36 1
11295 12499 49 76 1
11323 12533 29 97 1
11373 12354 19 70 1
11418 12371 24 18 1
11454 12665 39 36 1
11458 12728 58 65 1
11465 12544 76 38 1
11487 12343 20 71 1
11519 12635 62 11 1
11548 12843 88 89 1
11553 12690 40 97 1
11556 12824 58 69 1
11573 12710 36 51 1
11587 12935 80 57 1
11594 12607 90 27 1
11682 12547 80 20 1
11707 13153 69 53 1
11719 12585 30 71 1
11728 12705 35 11 1
11761 13167 97 31 1
11783 13245 51 10 1
11791 12548 28 25 1
11814 13300 93 13 1
11845 13314 53 28 1
11855 12671 29 86 1
11855 12774 5 77 1
11857 13149 92 71 1
11882 12062 89 98 0
11910 12902 37 90 1
11912 13213 46 62 1
11959 12139 56 57 0
11969 13396 89 7 1
11974 12154 95 43 0
12011 12667 19 16 1
12027 13377 45 59 1
12039 12910 12 46 1
12051 13107 1 46 1
12071 13392 61 87 1
12084 13031 19 0 1
12096 12276 98 97 0
12111 13318 25 99 1
12123 13489 50 13 1
12132 13119 38 17 1
12152 13396 46 69 1
12159 13495 28 58 1
12164 13274 48 32 1
12168 13397 82 67 1
12186 13344 40 18 1
12212 13516 58 72 1
12227 13384 69 10 1
12249 13709 95 64 1
12257 13586 15 71 1
12280 13692 95 23 1
12288 13267 23 31 1
12318 12498 91 13 0
12322 12502 59 32 0
12325 13746 83 95 1
12365 13685 77 55 1
12383 12563 92 24 0
12403 13475 20 33 1
12405 13802 92 78 1
12407 13878 37 98 1
12407 12587 55 49 0
12421 12601 78 12 0
12423 12603 15 99 0
12465 13965 40 57 1
12476 13873 77 29 1
12519 12699 52 98 0
12522 12702 44 80 0
12534 13686 13 20 1
12538 12718 58 45 0
12564 13999 75 28 1
12632 13629 23 19 1
12695 13929 34 3 1
12711 14200 78 41 1
12759 14089 75 31 1
12764 14084 44 74 1
12776 13908 18 9 1
12779 14118 45 38 1
12804 14011 15 20 1
12847 13027 1 92 0
12853 14291 71 1 1
12853 13941 53 76 1
12870 14117 71 29 1
12895 14116 81 24 1
12920 14360 2 94 1
12987 14137 14 23 1
12991 14260 47 82 1
12999 14468 5 48 1
13035 14347 48 28 1
13071 14257 75 37 1
13077 14326 67 13 1
13118 14394 71 37 1
13118 14207 11 62 1
13119 14479 5 3 1
13133 14605 41 12 1
13172 14204 33 68 1
13198 14605 30 42 1
13202 14032 96 68 1
13217 14381 54 99 1
13235 14225 87 86 1
13262 14561 87 12 1
13292 13472 96 42 0
13304 14647 30 46 1
13310 14408 9 87 1
13314 14655 36 76 1
13321 13501 4 82 0
13363 13543 16 54 0
13365 14635 72 5 1
13395 14565 70 17 1
13400 13580 7 0 0
13408 13588 43 64 0
13414 14907 37 88 1
13461 14623 95 55 1
13480 14565 52 83 1
13481 13661 94 9 0
13516 14906 72 49 1
13575 14907 34 39 1
13579 13759 4 99 0
13630 14863 38 71 1
13643 15077 40 23 1
13643 14418 76 76 1
13647 15044 28 20 1
13652 14954 51 29 1
13656 14935 15 59 1
13656 14537 69 69 1
13685 15020 47 80 1
13692 13872 0 52 0
13738 15108 10 77 1
13740 13920 13 56 0
13748 13928 48 40 0
13758 14581 62 75 1
13762 15084 25 62 1
13793 15256 28 55 1
13807 15033 96 54 1
13817 14823 68 81 1
13827 15025 53 15 1
13860 15022 68 52 1
13879 15112 97 72 1
13890 15272 75 90 1
13912 14092 1 32 0
13963 14143 86 53 0
13992 15390 39 73 1
14010 15371 24 4 1
14011 15231 97 48 1
14022 15150 66 1 1
14051 15550 44 83 1
14096 15280 60 74 1
14098 15464 18 78 1
14111 15162 71 5 1
14137 15325 66 73 1
14141 15217 24 27 1
14150 15526 57 53 1
14176 15643 89 94 1
14184 14364 47 98 0
14228 15513 4 21 1
14252 15330 64 40 1
14253 14433 55 94 0
14328 15607 66 31 1
14330 15631 42 75 1
14355 15700 23 97 1
14382 15833 32 53 1
14388 15606 35 4 1
14392 15717 49 11 1
14403 14583 60 48 0
14412 15741 59 21 1
14414 15829 48 47 1
14433 15894 96 89 1
14436 15875 56 37 1
14455 14635 76 49 0
14463 15624 15 14 1
14488 15768 54 78 1
14494 15983 48 70 1
14507 14687 46 64 0
14523 15912 65 12 1
14540 15619 17 31 1
14639 14819 47 47 0
14658 16047 8 18 1
14691 15728 23 75 1
14735 16076 48 86 1
14741 16057 86 3 1
14783 14963 14 3 0
14797 16154 27 9 1
14823 16154 97 23 1
14828 16234 84 4 1
14830 16181 36 99 1
14897 15850 59 66 1
14933 16003 75 28 1
14933 16287 75 9 1
14934 16270 73 11 1
14936 15993 55 89 1
14938 16245 2 20 1
14969 16312 18 44 1
14973 16455 6 20 1
15014 16467 72 5 1
15039 16060 52 86 1
15052 16454 76 31 1
15119 16263 39 93 1
15130 16007 82 57 1
15161 16174 73 95 1
15180 16415 65 69 1
15182 16417 32 54 1
15226 16541 70 66 1
15240 16724 40 17 1
15246 16677 65 14 1
15256 15436 8 37 0
15264 16756 91 21 1
15273 16372 9 82 1
15311 15491 88 31 0
15322 16662 57 74 1
15375 16831 59 30 1
15431 16711 13 24 1
15464 16838 21 40 1
15545 16561 15 93 1
15575 16824 6 53 1
15581 16875 15 70 1
15609 17082 10 72 1
15611 15791 11 2 0
15634 17018 34 33 1
15636 16948 50 29 1
15692 17175 43 77 1
15703 16894 72 18 1
15703 17048 7 26 1
15713 17140 24 1 1
15722 17175 64 2 1
15728 17089 89 31 1
15747 15927 49 38 0
15766 17110 27 68 1
15852 17190 96 18 1
15867 17366 1 66 1
15869 17203 39 11 1
15885 17143 15 36 1
15895 17260 8 74 1
15931 17406 49 73 1
15966 16800 83 59 1
16016 17465 4 79 1
16112 16688 73 79 1
16139 16319 49 88 0
16146 17058 13 23 1
16158 17540 31 63 1
16187 17473 58 49 1
16248 17583 10 77 1
16263 17433 21 4 1
16282 17599 41 43 1
16297 16477 11 66 0
16299 17569 39 26 1
16301 17425 56 6 1
16305 16938 69 88 1
16314 16494 46 98 0
16339 17438 62 40 1
16412 17677 40 31 1
16442 17036 60 83 1
16445 17887 45 46 1
16446 17702 64 3 1
16536 17771 27 40 1
16537 17858 41 81 1
16545 17144 50 88 1
16616 17756 21 14 1
16632 17152 92 92 1
16645 17172 55 55 1
16649 16954 67 71 1
16669 18083 47 24 1
16672 17463 97 51 1
16674 17632 77 31 1
16689 16869 38 36 0
16692 17413 98 73 1
16747 18075 11 25 1
16752 17649 51 63 1
16770 17647 91 86 1
16792 18108 15 24 1
16811 17799 16 83 1
16815 16995 2 5 0
16818 16998 44 42 0
16862 18177 38 24 1
16875 17798 86 33 1
16895 17075 40 9 0
16924 18237 52 46 1
16945 18089 89 34 1
16955 18180 44 53 1
16981 18190 62 44 1
16989 18379 37 16 1
17004 17708 82 83 1
17007 18340 28 23 1
17012 18471 44 48 1
17071 17991 25 69 1
17074 18169 77 10 1
17078 18109 64 83 1
17080 18422 36 40 1
17080 18525 16 12 1
17101 17997 23 73 1
17102 18225 67 25 1
17112 18466 79 9 1
17133 18596 41 15 1
17180 18128 38 75 1
17181 18249 44 72 1
17224 18595 89 38 1
17236 18221 79 96 1
17276 18309 84 97 1
17279 18181 33 71 1
17279 18413 46 80 1
17280 18424 36 83 1
17287 18645 21 48 1
17288 18722 60 1 1
17323 18818 41 5 1
17344 18359 61 83 1
17346 18562 89 65 1
17366 18574 22 53 1
17373 18773 21 99 1
17388 18572 68 92 1
17396 17576 48 64 0
17404 18739 24 56 1
17410 18634 19 13 1
17444 18858 25 60 1
17477 18706 18 28 1
17507 18645 72 6 1
17567 18718 50 79 1
17576 18913 83 45 1
17619 18947 32 15 1
17633 19019 99 94 1
17656 18726 76 29 1
17679 18919 82 81 1
17683 18938 76 65 1
17688 17868 62 64 0
17688 17868 2 50 0
17698 19183 56 75 1
17703 17883 70 56 0
17709 17889 7 85 0
17730 17910 12 92 0
17799 17979 58 94 0
17815 19133 7 39 1
17825 18005 61 94 0
17840 19131 85 6 1
17843 19191 31 5 1
17852 19086 89 30 1
17908 19140 68 44 1
17957 19230 68 83 1
17970 19347 9 44 1
17972 18152 95 1 0
17990 19471 49 96 1
18012 19341 67 41 1
18015 19433 40 49 1
18029 18209 45 1 0
18056 19387 71 96 1
18081 19341 29 99 1
18102 19457 47 21 1
18107 19180 13 72 1
18147 19304 67 81 1
18168 19344 93 23 1
18219 19462 81 40 1
18220 19271 31 86 1
18247 19686 82 13 1
18276 19223 30 80 1
18293 19746 58 43 1
18294 19609 59 58 1
18305 18485 83 48 0
18315 19735 58 18 1
18353 19662 74 36 1
18377 19864 80 35 1
18391 19485 11 31 1
18400 19536 19 10 1
18406 19757 15 12 1
18420 18600 44 47 0
18442 18622 0 12 0
18444 19874 93 89 1
18457 18637 47 23 0
18473 19792 75 55 1
18482 19574 44 94 1
18505 19967 28 8 1
18547 19889 26 32 1
18605 19978 79 6 1
18610 20025 65 47 1
18619 19671 78 75 1
18678 18858 5 8 0
18687 19520 11 76 1
18687 19820 82 71 1
18734 18914 6 12 0
18752 20132 53 62 1
18782 20250 99 85 1
18788 19614 22 63 1
18807 20057 24 36 1
18839 19019 92 98 0
18894 20151 6 26 1
18903 20134 51 33 1
18942 20266 55 48 1
19015 20249 17 44 1
19031 20082 62 70 1
19033 20393 71 98 1
19047 20236 69 2 1
19054 20479 68 96 1
19103 20559 82 56 1
19106 20511 41 43 1
19135 20493 46 14 1
19155 19335 64 93 0
19174 20620 79 79 1
19196 20332 52 10 1
19210 20427 16 39 1
19230 19410 90 55 0
19231 19411 65 97 0
19233 20473 5 24 1
19314 20670 79 72 1
19360 20306 60 33 1
19398 20627 51 39 1
19435 19793 28 93 1
19440 20471 72 39 1
19449 20290 30 81 1
19475 20760 95 18 1
19480 19660 81 50 0
19519 20663 14 46 1
19540 20839 74 28 1
19549 21041 84 99 1
19550 20510 47 50 1
19556 21033 67 59 1
19562 21048 83 83 1
19564 21037 89 74 1
19568 20633 26 0 1
19609 20293 10 54 1
19652 19832 87 93 0
19666 21092 58 13 1
19696 20946 76 18 1
19740 20786 15 13 1
19742 19922 62 91 0
19748 19928 52 39 0
19782 19962 65 1 0
19865 21027 30 36 1
19896 21157 76 59 1
19897 20077 95 47 0
19910 20235 31 62 1
19911 20625 24 55 1
19923 21305 86 45 1
19936 21036 34 20 1
19938 20622 41 72 1
20000 21038 11 24 1
20000 20554 15 76 1
20008 21258 88 37 1
20052 21227 62 84 1
20080 21282 26 13 1
20085 20768 19 90 1
20126 21403 64 41 1
20152 21515 85 46 1
20196 20964 49 83 1
20197 21323 67 28 1
20223 21670 82 36 1
20228 21562 68 27 1
20236 20416 65 5 0
20293 21211 2 94 1
20307 21271 87 68 1
20325 21280 68 70 1
20332 21434 18 4 1
20335 21643 66 52 1
20340 20520 87 39 0
20372 21236 7 82 1
20373 21629 37 0 1
20391 21384 30 27 1
20396 21725 80 15 1
20405 20585 94 41 0
20427 20607 89 47 0
20444 21557 81 77 1
20447 21724 41 8 1
20456 21371 29 97 1
20491 21974 96 17 1
20498 21480 29 27 1
20626 21724 87 84 1
20655 22060 80 43 1
20658 21888 71 28 1
20665 22139 70 12 1
20667 22117 70 15 1
20712 21870 98 61 1
20749 21954 51 54 1
20765 21672 27 0 1
20819 20999 93 7 0
20821 21443 1 62 1
20831 22017 79 97 1
20857 22213 58 25 1
20858 21368 23 61 1
20883 22021 66 92 1
20884 21587 14 77 1
20887 22127 70 28 1
20898 21966 73 91 1
20911 21973 77 85 1
20943 22352 86 9 1
20959 21673 28 42 1
20983 22384 98 34 1
20988 21168 93 43 0
20990 22325 81 19 1
21008 21188 60 44 0
21036 21638 14 77 1
21066 21727 20 36 1
21106 22553 53 89 1
21128 22562 98 59 1
21138 22069 7 54 1
21190 21370 63 9 0
21207 22564 83 91 1
21227 22537 74 53 1
21228 22469 76 12 1
21234 21968 20 56 1
21235 22282 1 94 1
21238 21418 54 19 0
21320 21992 36 10 1
21339 22506 66 65 1
21342 22050 23 86 1
21365 22309 15 49 1
21376 22755 64 9 1
21388 22872 56 57 1
21439 22873 66 50 1
21464 22833 79 58 1
21464 22901 65 66 1
21469 22524 46 16 1
21499 22836 72 74 1
21594 22756 46 49 1
21637 22630 69 30 1
21655 22778 38 43 1
21672 22777 45 33 1
21688 22327 35 52 1
21732 23206 53 88 1
21735 23041 76 87 1
21787 23203 86 62 1
21790 22184 30 81 1
21806 23088 92 58 1
21833 22013 90 97 0
21860 23142 73 70 1
21866 22545 38 99 1
21877 23354 73 66 1
21888 22349 24 77 1
21896 22601 28 65 1
21905 22768 19 50 1
21985 22706 32 24 1
22002 23223 43 13 1
22006 22654 18 84 1
22012 23393 97 1 1
22024 22819 90 25 1
22038 22977 64 5 1
22085 23127 13 23 1
22097 23288 31 18 1
22122 22302 1 10 0
22140 23638 41 20 1
22150 23617 94 89 1
22164 23582 1 26 1
22196 22376 44 46 0
22218 22398 6 32 0
22219 23218 14 98 1
22222 22988 58 22 1
22235 23298 31 94 1
22247 23663 90 96 1
22261 23124 61 38 1
22282 23573 50 76 1
22292 23480 76 79 1
22364 23692 27 39 1
22365 22545 83 99 0
22386 22566 92 55 0
22388 23151 92 26 1
22411 23587 61 4 1
22414 23732 4 24 1
22429 23866 85 57 1
22458 23291 32 61 1
22470 23816 72 55 1
22499 23769 75 68 1
22507 23546 65 14 1
22509 23369 35 83 1
22544 22724 55 91 0
22549 23745 49 91 1
22576 24022 94 78 1
22598 23679 39 85 1
22601 23622 84 10 1
22621 24030 38 59 1
22673 23700 24 32 1
22712 23872 68 50 1
22742 23978 16 43 1
22815 24001 12 71 1
22858 24047 24 11 1
22863 24124 15 20 1
22875 23788 77 5 1
22878 24347 29 47 1
22882 23062 30 41 0
22906 23086 1 28 0
22937 24114 96 47 1
22992 23172 0 32 0
23006 24453 37 41 1
23039 24298 41 98 1
23043 24135 75 55 1
23066 23246 42 94 0
23090 24231 91 30 1
23100 24515 52 43 1
23188 24534 45 40 1
23215 24450 81 34 1
23233 24539 99 94 1
23244 24582 40 63 1
23261 24566 57 17 1
23297 24510 83 21 1
23350 24351 91 81 1
23384 24587 89 67 1
23407 24519 5 20 1
23409 24573 0 72 1
23447 24778 81 53 1
23449 24460 29 79 1
23449 24787 5 93 1
23543 25016 2 53 1
23543 24769 52 79 1
23596 24863 95 88 1
23597 24649 88 14 1
23615 24812 56 80 1
23618 24764 46 3 1
23637 24696 34 2 1
23746 25004 95 79 1
23791 23971 98 95 0
23827 24799 71 12 1
23868 24933 32 95 1
23903 25005 34 97 1
23905 25207 93 49 1
23973 25158 55 5 1
23975 25161 28 76 1
23987 25204 55 46 1
24006 24680 39 21 1
24026 24695 19 24 1
24066 25472 1 62 1
24077 24257 1 92 0
24086 25192 10 39 1
24111 25207 81 93 1
24121 25444 98 12 1
24141 25497 7 88 1
24184 25196 72 83 1
24249 25501 92 44 1
24261 25395 82 36 1
24263 25732 54 44 1
24280 25420 19 62 1
24285 25583 93 68 1
24298 25597 35 94 1
24301 24481 8 54 0
24343 25642 86 38 1
24379 25003 19 20 1
24533 25596 18 76 1
24564 25595 94 78 1
24579 25791 30 56 1
24597 26069 64 13 1
24634 24814 75 41 0
24704 26035 76 25 1
24717 25510 61 75 1
24730 25372 35 46 1
24770 26017 2 79 1
24805 26025 38 84 1
24808 25961 59 85 1
24821 25411 14 1 1
24848 25386 37 32 1
24905 26365 84 15 1
24910 26020 83 8 1
24913 25093 53 42 0
24927 26035 22 84 1
24946 25713 50 75 1
24946 25984 88 47 1
24951 25980 90 52 1
24952 25898 63 69 1
24978 26087 93 71 1
25009 25594 12 43 1
25013 26392 87 91 1
25030 26340 88 23 1
25038 25983 45 43 1
25120 26106 19 62 1
25125 26486 48 83 1
25134 26488 17 53 1
25138 26227 77 67 1
25164 25894 36 14 1
25170 26504 84 57 1
25180 26510 87 6 1
25225 26417 59 23 1
25228 26581 53 13 1
25268 26608 66 6 1
25305 26648 13 55 1
25324 26549 11 76 1
25328 26667 61 23 1
25334 26709 51 96 1
25372 26171 20 4 1
25381 26789 97 72 1
25382 26790 6 57 1
25407 26259 0 38 1
25415 26858 79 93 1
25435 26709 41 80 1
25442 26628 26 77 1
25446 25626 78 90 0
25456 26807 33 64 1
25491 25671 83 95 0
25512 26764 82 15 1
25547 26886 74 70 1
25558 26984 54 15 1
25561 25741 34 54 0
25616 27056 60 30 1
25616 26300 35 12 1
25631 25811 5 96 0
25650 26395 17 3 1
25691 27069 21 97 1
25697 25877 86 98 0
25725 26364 28 15 1
25726 27180 89 58 1
25746 27156 30 98 1
25780 27074 61 17 1
25812 26426 22 26 1
25830 27116 21 71 1
25840 27153 63 21 1
25850 27057 83 66 1
25880 26060 95 35 0
25915 26095 95 48 0
25925 26971 17 51 1
25925 27265 23 69 1
25950 27002 9 44 1
25955 27016 16 5 1
25960 27379 88 96 1
25964 27399 33 64 1
25965 27211 78 25 1
25982 27147 6 42 1
26010 27248 60 82 1
26028 26208 38 53 0
26036 26216 48 79 0
26041 27193 71 83 1
26048 27331 75 8 1
26090 27464 13 64 1
26095 27554 61 5 1
26100 26280 10 55 0
26110 26290 61 55 0
26128 27344 73 18 1
26151 27130 40 6 1
26158 27595 51 19 1
26158 27530 76 89 1
26177 26357 4 98 0
26185 27426 12 71 1
26316 27664 52 82 1
26321 27550 62 72 1
26336 27701 40 99 1
26383 27794 79 97 1
26396 27607 61 28 1
26398 27828 62 80 1
26400 27674 6 67 1
26413 27682 14 76 1
26434 27682 59 21 1
26441 27458 45 39 1
26528 27859 26 59 1
26553 27815 66 1 1
26576 28000 66 54 1
26623 27372 44 25 1
26659 27771 24 4 1
26680 28098 81 52 1
26728 28000 73 89 1
26741 26921 85 97 0
26795 28127 49 60 1
26835 28105 13 56 1
26844 28245 28 51 1
26936 28177 9 75 1
26964 28287 30 92 1
26976 28414 3 75 1
27001 28004 99 46 1
27019 27778 68 33 1
27034 27762 70 24 1
27074 28377 62 51 1
27076 27256 45 61 0
27081 27790 12 16 1
27085 28106 74 0 1
27087 28384 83 66 1
27087 28162 84 32 1
27088 27910 27 46 1
27094 28425 37 71 1
27158 28260 75 77 1
27175 28150 13 49 1
27179 28234 60 28 1
27265 28583 78 51 1
27270 28006 17 34 1
27281 28196 38 45 1
27289 28775 23 98 1
27305 27485 8 61 0
27321 28245 9 42 1
27326 28447 56 33 1
27338 28702 24 65 1
27342 28438 95 26 1
27347 28731 12 66 1
27347 28456 73 45 1
27354 28565 75 53 1
27393 27573 52 45 0
27393 28658 56 25 1
27417 28793 72 45 1
27429 27609 1 79 0
27429 28880 15 70 1
27486 28971 58 4 1
27501 28804 85 25 1
27530 28813 24 68 1
27532 28410 5 24 1
27572 28567 61 76 1
27587 29044 71 34 1
27589 29075 83 28 1
27593 29058 2 67 1
27614 28495 28 37 1
27635 27815 69 48 0
27638 27818 60 1 0
27649 29106 80 21 1
27661 29081 18 91 1
27663 29096 38 83 1
27676 27856 88 48 0
27678 28538 66 70 1
27697 27877 9 92 0
27739 28547 30 38 1
27764 29206 16 98 1
27785 27965 99 16 0
27798 28722 85 76 1
27818 29198 81 15 1
27818 29187 77 18 1
27846 28871 41 45 1
27854 29048 33 35 1
27867 29242 7 44 1
27885 29286 70 59 1
27899 29348 68 7 1
27915 28999 58 72 1
27934 29148 66 99 1
27965 29440 90 25 1
28061 29032 23 78 1
28089 29209 42 36 1
28125 29009 34 24 1
28164 29589 81 40 1
28177 29097 61 81 1
28197 29570 83 13 1
28250 29415 8 94 1
28265 29434 76 26 1
28277 29481 5 60 1
28332 29597 60 18 1
28342 28943 21 24 1
28344 29265 3 29 1
28363 29430 8 83 1
28374 29429 7 47 1
28377 29221 88 83 1
28409 29844 98 32 1
28424 29343 19 25 1
28448 29796 43 38 1
28453 29603 23 30 1
28479 28659 3 15 0
28544 29348 94 86 1
28552 29369 98 69 1
28560 30043 4 12 1
28565 29962 14 14 1
28565 29747 44 85 1
28568 29808 18 60 1
28576 29940 35 20 1
28589 29863 81 49 1
28604 29907 48 77 1
28606 30098 94 35 1
28606 30006 11 22 1
28619 30015 26 33 1
28627 29345 88 67 1
28719 28899 3 37 0
28751 30249 22 43 1
28759 29847 73 25 1
28760 29448 70 70 1
28780 28960 45 33 0
28784 29721 19 76 1
28807 28987 3 19 0
28900 29918 96 92 1
28900 30076 52 91 1
28911 30020 34 74 1
28949 30005 65 93 1
28965 29938 85 76 1
29037 30100 10 71 1
29043 30137 41 76 1
29051 30349 23 28 1
29053 30002 75 36 1
29097 30302 53 20 1
29120 30380 12 84 1
29125 30463 33 55 1
29129 29309 1 11 0
29129 30543 24 44 1
29141 30056 81 57 1
29146 30488 55 46 1
29149 30426 32 81 1
29170 30551 35 58 1
29198 30223 87 24 1
29207 30450 92 41 1
29229 30697 31 49 1
29291 30631 22 1 1
29300 30573 40 75 1
29334 30369 76 30 1
29362 30796 41 90 1
29365 30656 27 64 1
29366 30027 73 92 1
29372 30726 21 2 1
29385 30254 79 94 1
29413 30676 85 29 1
29435 30907 38 98 1
29495 30206 71 88 1
29520 30699 31 38 1
29543 30778 11 38 1
29555 29735 46 53 0
29556 30621 96 63 1
29556 30685 71 15 1
29561 29741 17 92 0
29577 30758 30 23 1
29582 30907 99 26 1
29606 30534 83 72 1
29628 30944 68 39 1
29675 30767 86 84 1
29707 31131 6 74 1
29710 29890 17 98 0
29732 31108 48 7 1
29745 30875 67 51 1
29748 30846 68 65 1
29762 31221 1 75 1
29764 29944 41 3 0
29848 30961 28 24 1
29871 30947 79 86 1
29926 31252 95 48 1
29935 31097 91 20 1
29940 31428 8 99 1
29948 31216 43 28 1
29996 31293 43 29 1
30046 30999 52 74 1
30048 31395 1 23 1
30052 31290 23 36 1
30054 31272 83 19 1
30099 31298 45 68 1
30130 31394 27 11 1
30145 31549 44 34 1
30177 31175 20 84 1
30186 31002 83 71 1
30221 31204 28 72 1
30233 31566 54 4 1
30238 31176 57 64 1
30238 30418 53 42 0
30238 31663 39 86 1
30252 31615 42 16 1
30284 31563 24 38 1
30292 31762 18 37 1
30304 31586 34 71 1
30323 31468 77 87 1
30377 31530 60 81 1
30388 31885 44 48 1
30465 31640 89 12 1
30532 31550 91 23 1
30539 31761 55 98 1
30545 31715 2 76 1
30556 31941 13 54 1
30561 31652 91 22 1
30564 31769 84 33 1
30572 31897 11 65 1
30607 31673 99 83 1
30623 31981 30 96 1
30643 31559 79 81 1
30657 31810 66 98 1
30669 32013 55 47 1
30694 32088 23 55 1
30702 32170 81 37 1
30712 32159 16 70 1
30733 30913 99 47 0
30738 32127 6 0 1
30750 31805 76 71 1
30758 30938 51 49 0
30784 32206 72 9 1
30789 31989 18 43 1
30825 31005 29 87 0
30854 31034 28 90 0
30862 32179 1 40 1
30876 31056 94 47 0
30914 31094 37 89 0
30916 32138 6 29 1
30947 31127 54 2 0
30974 32072 95 71 1
31013 31193 6 90 0
31021 32358 0 39 1
31053 31233 1 56 0
31053 32331 62 22 1
31067 32437 80 36 1
31077 32526 42 87 1
31102 32329 30 72 1
31118 32145 9 25 1
31144 32535 72 49 1
31155 31335 92 8 0
31184 32648 9 50 1
31225 32687 36 54 1
31310 32095 93 75 1
31335 32319 33 17 1
31346 32404 52 60 1
31387 32447 6 14 1
31396 32678 11 86 1
31398 32783 51 5 1
31408 32692 94 53 1
31426 32682 10 30 1
31451 32660 84 89 1
31471 32866 90 10 1
31483 31663 2 41 0
31490 32842 16 40 1
31492 32850 52 89 1
31518 32769 93 80 1
31548 32836 61 71 1
31576 32793 80 9 1
31600 32828 81 80 1
31619 32776 80 35 1
31625 32900 14 38 1
31666 32783 16 94 1
31691 32823 34 28 1
31728 33207 58 71 1
31765 32887 77 1 1
31859 32708 37 77 1
31868 33253 37 35 1
31895 33214 28 40 1
31961 33263 88 76 1
31967 32970 10 99 1
31988 32891 12 92 1
31992 33230 21 57 1
32014 33358 60 69 1
32229 33333 15 68 1
32236 33526 51 64 1
32250 33332 34 39 1
32270 33289 8 20 1
32316 33336 41 25 1
32325 33526 13 0 1
32327 33489 28 86 1
32328 33514 83 60 1
32329 33815 52 94 1
32347 33641 26 1 1
32359 33854 91 59 1
32373 33780 88 69 1
32396 33842 86 87 1
32410 33193 90 47 1
32446 33878 59 89 1
32454 33751 37 46 1
32457 33318 99 7 1
32460 33930 63 91 1
32501 33568 40 72 1
32538 33666 32 82 1
32538 33992 40 10 1
32558 33324 60 23 1
32575 32755 56 51 0
32602 33868 10 21 1
32611 33949 3 23 1
32615 32795 15 49 0
32620 33844 34 94 1
32646 32826 49 47 0
32713 34167 59 55 1
32729 33749 16 77 1
32759 33458 92 28 1
32783 33533 98 26 1
32788 34036 27 47 1
32830 33765 59 37 1
32863 34135 2 18 1
32887 33719 64 37 1
32949 34340 98 82 1
32983 33850 21 91 1
33000 34099 52 48 1
33003 34110 35 95 1
33035 33913 60 31 1
33049 33978 14 73 1
33077 34457 11 36 1
33101 34348 47 85 1
33108 34402 17 20 1
33117 34379 58 79 1
33122 34442 77 54 1
33125 34292 5 83 1
33143 34361 95 37 1
33147 33327 31 44 0
33148 34415 3 57 1
33151 33331 95 97 0
33180 34388 51 13 1
33205 34467 22 94 1
33209 34677 66 84 1
33211 34142 68 24 1
33249 34567 91 47 1
33258 33438 94 67 0
33276 33456 5 48 0
33341 34535 24 78 1
33343 33523 98 62 0
33366 34614 41 27 1
33368 33548 43 49 0
33373 34788 90 87 1
33377 34437 74 13 1
33383 34828 66 99 1
33388 34784 9 66 1
33403 33583 66 93 0
33427 34474 76 36 1
33510 34890 84 86 1
33511 34549 59 29 1
33601 34651 5 23 1
33626 35009 89 71 1
33630 34828 41 43 1
33632 35123 82 60 1
33653 34897 10 43 1
33654 34916 31 54 1
33659 34627 60 27 1
33679 34868 48 22 1
33703 35115 55 45 1
33706 34964 45 17 1
33730 34914 67 18 1
33864 35010 10 14 1
33876 35319 91 50 1
33877 35048 24 21 1
33900 35181 90 20 1
33903 35395 91 37 1
33909 35351 7 38 1
33947 35350 1 23 1
33982 35245 78 34 1
34004 35299 84 90 1
34013 35440 54 12 1
34020 34904 25 84 1
34055 35277 74 53 1
34062 35279 6 54 1
34073 34253 98 60 0
34073 35456 55 10 1
34092 34272 54 57 0
34093 35126 42 78 1
34124 35249 43 64 1
34128 35627 90 12 1
34145 35236 9 72 1
34178 35577 80 60 1
34223 35636 84 59 1
34264 35491 38 1 1
34270 35631 58 80 1
34272 35594 24 41 1
34276 35627 27 31 1
34282 35621 89 18 1
34299 35771 38 16 1
34313 34493 97 28 0
34342 35470 12 91 1
34356 35646 74 82 1
34364 34544 0 33 0
34365 35829 38 37 1
34426 35732 81 18 1
34429 34609 54 54 0
34450 35427 12 86 1
34456 35807 77 35 1
34462 35504 15 64 1
34496 35767 18 55 1
34562 35955 88 97 1
34570 34750 56 21 0
34570 34750 65 21 0
34580 35783 33 84 1
34606 35827 5 18 1
34639 35964 33 23 1
34650 36056 1 52 1
34701 35790 78 72 1
34725 36105 39 82 1
34753 36017 20 24 1
34762 34942 43 53 0
34798 36012 81 64 1
34811 36193 56 25 1
34874 36202 93 85 1
34923 36199 85 65 1
34931 36299 88 89 1
34933 36026 28 65 1
34994 35174 99 93 0
35025 36465 47 0 1
35053 36307 75 93 1
35062 36415 60 43 1
35111 35949 20 74 1
35115 36205 76 20 1
35131 36549 62 97 1
35144 36242 44 23 1
35149 36259 31 31 1
35159 36397 16 12 1
35180 36298 38 85 1
35193 35373 42 20 0
35284 36467 53 35 1
35286 36333 66 74 1
35298 36388 14 53 1
35301 36457 45 82 1
35302 36688 3 43 1
35311 36406 12 70 1
35352 36658 41 7 1
35410 36700 83 51 1
35412 36592 23 43 1
35449 36426 81 44 1
35462 36839 94 66 1
35464 36824 4 17 1
35468 36962 54 83 1
35492 36665 61 36 1
35496 36535 38 81 1
35501 36957 64 90 1
35523 35703 80 95 0
35591 36811 22 11 1
35603 37053 92 80 1
35607 37000 78 61 1
35610 36576 41 76 1
35627 36997 43 22 1
35663 37074 43 30 1
35683 35863 43 33 0
35725 37172 26 36 1
35754 35934 0 16 0
35767 35947 12 48 0
35768 35948 36 24 0
35807 37146 65 69 1
35817 37022 43 97 1
35826 36006 10 13 0
35837 36017 72 82 0
35841 36021 6 8 0
35856 36895 29 70 1
35863 36043 24 15 0
35866 36978 22 59 1
35888 36068 45 34 0
35891 36071 51 50 0
35910 36090 48 12 0
35973 37377 20 40 1
36013 36492 71 52 1
36032 36212 59 85 0
36036 36513 58 11 1
36087 36267 12 1 0
36090 37354 39 92 1
36090 37362 66 74 1
36093 37314 23 96 1
36125 37538 78 88 1
36126 36708 72 9 1
36161 36848 73 1 1
36210 37316 66 8 1
36271 37318 26 24 1
36272 37265 79 11 1
36275 37520 45 54 1
36302 37802 46 46 1
36327 37413 92 14 1
36339 37378 6 77 1
36343 37304 19 81 1
36367 37646 25 99 1
36371 37824 10 56 1
36377 37698 36 72 1
36383 37694 37 5 1
36413 37732 87 51 1
36417 37642 75 55 1
36436 37538 70 72 1
36438 37722 6 33 1
36461 37893 99 61 1
36464 36644 47 61 0
36498 37342 82 33 1
36513 37926 56 92 1
36514 36694 3 94 0
36518 37838 4 7 1
36556 38029 33 88 1
36577 37545 91 41 1
36582 36762 16 93 0
36605 37871 89 61 1
36648 37642 15 31 1
36655 38059 56 51 1
36663 37884 15 48 1
36678 37929 41 10 1
36707 36887 1 34 0
36708 37495 55 33 1
36747 38121 29 14 1
36753 37662 97 6 1
36788 37832 70 83 1
36803 38182 86 86 1
36827 37007 30 41 0
36845 37025 92 82 0
36900 37080 90 52 0
36913 38271 75 91 1
36985 37610 75 6 1
36991 37171 0 34 0
36994 38297 61 67 1
36994 37861 73 2 1
37006 37186 54 52 0
37009 37931 76 42 1
37044 38169 96 37 1
37052 38476 24 42 1
37063 38537 40 44 1
37073 38108 41 85 1
37169 37349 5 13 0
37189 37974 26 65 1
37238 38201 26 82 1
37246 37426 53 94 0
37258 38492 2 90 1
37293 38391 24 52 1
37335 38663 87 74 1
37354 38679 8 12 1
37356 38472 45 65 1
37380 38713 47 54 1
37380 38712 44 85 1
37389 38186 71 37 1
37391 37571 50 61 0
37398 38217 69 22 1
37466 38832 12 96 1
37473 38912 39 56 1
37512 38801 87 61 1
37539 38447 94 26 1
37539 38491 80 14 1
37597 38811 7 8 1
37603 38944 64 53 1
37605 38638 97 31 1
37635 38742 25 42 1
37658 38849 45 21 1
37687 38965 91 87 1
37696 38753 59 46 1
37726 39062 51 59 1
37733 38777 12 22 1
37761 39038 39 38 1
37768 38889 95 5 1
37769 38924 19 89 1
37779 38981 25 42 1
37780 38745 72 72 1
37781 39060 22 87 1
37815 39225 2 37 1
37855 39256 13 80 1
37860 38993 89 62 1
37873 38053 17 58 0
37899 39027 66 64 1
37906 39320 88 54 1
37907 38087 58 95 0
37912 38092 4 1 0
37918 38098 17 53 0
37920 39318 33 39 1
37922 39181 24 27 1
37926 39393 99 69 1
37961 38750 89 15 1
37991 38171 64 80 0
37992 39424 27 82 1
37995 39432 28 71 1
38003 38183 89 50 0
38065 39447 15 34 1
38078 38258 2 66 0
38114 39027 63 33 1
38140 39612 39 65 1
38166 39658 87 62 1
38221 39605 35 8 1
38240 39442 46 53 1
38259 39730 59 73 1
38287 38467 85 59 0
38314 39557 24 62 1
38338 38518 6 61 0
38353 38533 10 91 0
38358 39562 41 20 1
38363 39670 80 77 1
38374 39121 61 34 1
38406 38586 55 89 0
38411 39330 68 21 1
38440 39868 74 98 1
38447 39696 5 20 1
38456 39942 44 56 1
38480 39885 61 67 1
38506 38686 86 98 0
38511 39934 0 44 1
38523 38703 94 99 0
38552 40037 39 16 1
38586 39977 6 94 1
38595 39404 74 33 1
38607 39810 7 70 1
38653 40062 63 61 1
38654 38834 50 72 0
38655 40135 10 8 1
38670 40014 36 29 1
38694 39731 26 66 1
38699 40154 39 28 1
38713 39781 57 6 1
38731 39820 96 19 1
38737 39920 59 3 1
38739 39659 69 22 1
38747 40199 3 51 1
38757 40252 27 44 1
38760 40058 73 78 1
38768 40214 85 67 1
38856 40003 39 81 1
38863 39043 11 41 0
38928 39940 25 68 1
38931 39921 94 18 1
38958 40281 61 82 1
38965 40279 21 50 1
38989 40420 6 82 1
38997 39177 40 97 0
39023 40206 27 25 1
39025 40368 27 38 1
39039 39219 13 50 0
39077 40516 41 69 1
39100 39280 13 98 0
39108 40466 98 88 1
39109 40411 69 58 1
39143 40618 41 18 1
39189 39929 65 10 1
39204 39899 78 30 1
39209 39389 4 94 0
39225 40611 23 39 1
39226 40503 68 54 1
39251 40671 4 60 1
39251 40723 98 56 1
39254 40333 96 0 1
39272 40552 91 49 1
39290 40539 65 68 1
39308 40684 83 42 1
39360 40627 17 30 1
39378 40771 16 52 1
39440 40806 14 13 1
39444 39624 24 93 0
39446 40650 71 77 1
39460 39640 41 78 0
39499 40924 26 7 1
39522 40596 72 17 1
39526 40985 41 22 1
39555 40721 76 70 1
39555 39735 9 17 0
39566 39746 49 67 0
39586 41023 25 99 1
39593 39773 52 89 0
39608 40753 81 40 1
39615 39795 5 84 0
39617 41088 13 60 1
39646 41040 26 37 1
39665 39845 43 56 0
39693 41039 50 79 1
39762 41122 9 74 1
39791 41216 0 74 1
39807 40894 86 45 1
39825 41176 24 56 1
39876 40056 48 95 0
39888 41123 16 10 1
39896 41227 50 0 1
39957 41236 93 6 1
39961 41260 19 81 1
39972 40152 13 73 0
39980 41184 21 46 1
39999 40977 84 67 1
40014 41115 82 59 1
40053 40233 9 82 0
40056 41127 97 27 1
40097 41496 54 28 1
40128 41309 78 23 1
40131 41177 15 35 1
40164 41312 33 29 1
40185 41106 70 58 1
40198 40378 96 47 0
40217 41436 69 13 1
40229 40409 52 36 0
40235 41729 3 84 1
40263 41555 80 24 1
40310 41803 48 87 1
40361 41770 12 54 1
40411 40591 5 94 0
40417 41778 39 80 1
40420 41775 38 80 1
40423 41606 69 24 1
40479 41206 61 75 1
40519 41294 67 63 1
40520 41293 75 78 1
40532 41825 90 19 1
40546 41619 11 6 1
40605 41778 29 61 1
40607 41671 61 91 1
40619 42011 90 39 1
40635 41613 23 1 1
40667 41827 0 43 1
40686 41703 1 29 1
40756 41489 71 78 1
40772 41980 60 13 1
40853 41958 11 49 1
40895 41950 72 37 1
40905 41979 76 38 1
40918 41751 91 67 1
40962 41667 20 76 1
40964 42228 77 45 1
40971 41722 63 80 1
41037 42219 63 16 1
41063 42504 99 20 1
41141 42061 49 44 1
41182 41930 42 69 1
41214 41986 8 4 1
41215 42470 63 31 1
41215 42343 69 24 1
41224 42211 46 92 1
41263 42569 83 10 1
41263 42049 33 47 1
41266 41771 86 82 1
41290 42458 31 93 1
41300 42593 47 89 1
41306 42412 28 89 1
41324 42560 54 2 1
41332 42377 14 40 1
41414 42449 64 52 1
41445 42570 27 60 1
41449 42468 9 25 1
41472 41821 61 73 1
41482 42125 86 93 1
41491 42360 78 94 1
41531 42586 20 17 1
41548 42547 88 95 1
41565 42494 22 67 1
41569 42744 17 50 1
41571 42642 81 15 1
41587 42902 12 64 1
41603 42650 85 69 1
41608 42944 9 17 1
41609 43059 15 47 1
41613 42794 94 27 1
41629 42794 87 27 1
41646 42569 69 95 1
41647 42804 89 24 1
41665 42802 25 28 1
41679 42988 60 12 1
41696 42643 87 92 1
41750 43008 74 7 1
41770 42954 14 31 1
41789 43010 34 12 1
41812 43016 33 54 1
41820 43219 87 36 1
41822 43196 44 9 1
41833 42865 77 81 1
41841 43108 43 67 1
41842 43288 61 18 1
41861 42041 53 30 0
41866 43098 39 29 1
41913 43185 77 57 1
41927 43094 27 86 1
41962 43272 91 80 1
41985 43107 16 70 1
42006 43254 63 24 1
42047 43217 82 69 1
42048 43299 67 69 1
42103 42283 91 49 0
42163 43378 76 90 1
42165 43551 59 70 1
42176 43652 7 89 1
42204 43652 53 0 1
42333 43433 86 74 1
42336 42516 88 91 0
42337 43475 33 72 1
42360 43612 75 68 1
42426 43288 47 14 1
42462 43177 23 43 1
42477 43510 53 29 1
42553 43603 38 66 1
42557 43461 22 33 1
42560 44012 0 60 1
42562 43539 62 15 1
42564 43710 6 64 1
42567 43978 83 99 1
42582 42762 51 99 0
42592 43702 13 7 1
42605 43501 19 73 1
42627 44036 55 81 1
42637 43764 10 8 1
42640 44089 10 99 1
42642 43759 93 5 1
42656 44119 13 99 1
42666 43869 13 1 1
42725 43917 94 48 1
42743 43808 55 21 1
42780 44087 65 54 1
42789 44155 81 99 1
42796 44159 6 94 1
42798 44160 36 82 1
42814 44255 92 90 1
42838 44103 69 61 1
42847 43860 83 34 1
42872 44068 52 13 1
42880 43060 7 60 0
42885 43961 37 46 1
42914 44228 83 40 1
42932 43952 49 22 1
42939 44005 43 30 1
42948 44262 15 65 1
42968 43148 12 59 0
42972 44325 59 98 1
42974 44377 94 34 1
42994 43174 28 93 0
42995 44384 74 32 1
43008 44237 29 0 1
43037 44495 32 85 1
43041 43221 38 77 0
43089 44363 71 22 1
43102 44471 49 48 1
43112 44573 71 28 1
43142 43322 89 6 0
43145 43325 84 61 0
43149 44383 20 19 1
43151 43331 19 52 0
