44 485 42.0099 -87.6744 42.017 -87.6973
420 734 41.9388 -87.6657 41.9517 -87.677
182 959 41.9693 -87.7279 41.9578 -87.765
133 422 42.0099 -87.6744 42.005 -87.6891
613 823 41.9388 -87.6657 41.9324 -87.6725
443 964 41.9359 -87.7146 41.9221 -87.6928
222 734 41.8983 -87.6763 41.9217 -87.6855
306 544 41.8983 -87.6763 41.8943 -87.6667
246 598 41.9388 -87.6657 41.9387 -87.6856
525 1394 42.0272 -87.7165 42.0679 -87.7067
164 377 41.9693 -87.7279 41.9694 -87.7195
170 450 41.9823 -87.668 41.9916 -87.6739
435 984 41.9359 -87.7146 41.915 -87.6992
348 848 41.9693 -87.7279 41.9648 -87.755
747 886 41.9693 -87.7279 41.9689 -87.7256
184 911 41.9359 -87.7146 41.9361 -87.7496
692 1489 41.9693 -87.7279 41.9619 -87.7771
242 599 41.9823 -87.668 41.9692 -87.6742
888 1178 41.9995 -87.7134 41.9934 -87.7264
429 877 41.8983 -87.6763 41.9194 -87.6826
362 622 41.9388 -87.6657 41.9493 -87.6617
303 454 41.9359 -87.7146 41.932 -87.713
454 1064 42.0272 -87.7165 42.0431 -87.6951
410 903 41.9359 -87.7146 41.9336 -87.7381
486 696 41.9823 -87.668 41.9867 -87.6632
401 456 41.9823 -87.668 41.9817 -87.6656
377 597 41.9694 -87.7195 41.9693 -87.7279
597 1095 41.9693 -87.7279 41.9677 -87.6962
437 701 42.0272 -87.7165 42.0377 -87.7158
422 717 42.005 -87.6891 42.0099 -87.6744
489 722 41.9995 -87.7134 41.9914 -87.7079
794 990 41.9388 -87.6657 41.9475 -87.664
450 769 41.9916 -87.6739 41.9823 -87.668
454 649 41.932 -87.713 41.9359 -87.7146
456 536 41.9817 -87.6656 41.9823 -87.668
649 1190 41.9359 -87.7146 41.9165 -87.7004
551 712 41.8983 -87.6763 41.8915 -87.6781
485 1019 42.017 -87.6973 42.0099 -87.6744
544 857 41.8943 -87.6667 41.8983 -87.6763
694 1140 41.9995 -87.7134 41.9919 -87.7315
694 860 41.9823 -87.668 41.9851 -87.6726
688 1061 42.0272 -87.7165 42.0165 -87.7041
598 1027 41.9387 -87.6856 41.9388 -87.6657
599 1093 41.9692 -87.6742 41.9823 -87.668
622 1027 41.9493 -87.6617 41.9388 -87.6657
710 955 41.9823 -87.668 41.9899 -87.6687
710 1080 41.8983 -87.6763 41.9079 -87.664
769 918 41.9823 -87.668 41.9825 -87.6729
667 1338 41.9995 -87.7134 41.9902 -87.7447
857 951 41.8983 -87.6763 41.8982 -87.6747
696 984 41.9867 -87.6632 41.9823 -87.668
701 983 42.0377 -87.7158 42.0272 -87.7165
712 889 41.8915 -87.6781 41.8983 -87.6763
722 959 41.9914 -87.7079 41.9995 -87.7134
734 1356 41.9217 -87.6855 41.8983 -87.6763
734 1086 41.9517 -87.677 41.9388 -87.6657
984 1448 41.9823 -87.668 41.9608 -87.6691
1000 1123 42.0272 -87.7165 42.0267 -87.7208
1150 1334 41.9995 -87.7134 41.9947 -87.7166
1045 1671 42.0272 -87.7165 42.0515 -87.7239
823 1038 41.9324 -87.6725 41.9388 -87.6657
848 1371 41.9648 -87.755 41.9693 -87.7279
860 1084 41.9851 -87.6726 41.9823 -87.668
889 1471 41.8983 -87.6763 41.9128 -87.6981
877 1415 41.9194 -87.6826 41.8983 -87.6763
886 1157 41.9689 -87.7256 41.9693 -87.7279
903 1411 41.9336 -87.7381 41.9359 -87.7146
911 1743 41.9361 -87.7496 41.9359 -87.7146
918 1080 41.9825 -87.6729 41.9823 -87.668
1157 1575 41.9693 -87.7279 41.9552 -87.7394
951 1146 41.8982 -87.6747 41.8983 -87.6763
955 1212 41.9899 -87.6687 41.9823 -87.668
959 1833 41.9578 -87.765 41.9693 -87.7279
964 1517 41.9221 -87.6928 41.9359 -87.7146
1411 1946 41.9359 -87.7146 41.9119 -87.7137
1517 1887 41.9359 -87.7146 41.9256 -87.7232
984 1555 41.915 -87.6992 41.9359 -87.7146
990 1331 41.9475 -87.664 41.9388 -87.6657
1402 1601 41.8983 -87.6763 41.8909 -87.6739
1555 2078 41.9359 -87.7146 41.9267 -87.6919
1743 2190 41.9359 -87.7146 41.9259 -87.695
1116 1323 41.9823 -87.668 41.978 -87.6738
1061 1459 42.0165 -87.7041 42.0272 -87.7165
1064 1685 42.0431 -87.6951 42.0272 -87.7165
1371 1975 41.9693 -87.7279 41.9613 -87.6923
1080 1474 41.9079 -87.664 41.8983 -87.6763
1095 1645 41.9677 -87.6962 41.9693 -87.7279
1156 1522 42.0099 -87.6744 42.0165 -87.6926
1123 1312 42.0267 -87.7208 42.0272 -87.7165
1645 2243 41.9693 -87.7279 41.9634 -87.69
1140 1619 41.9919 -87.7315 41.9995 -87.7134
1833 2574 41.9693 -87.7279 41.9581 -87.7672
1312 1622 42.0272 -87.7165 42.0173 -87.7076
1178 1523 41.9934 -87.7264 41.9995 -87.7134
1250 1656 41.9823 -87.668 41.9638 -87.6651
1190 1735 41.9165 -87.7004 41.9359 -87.7146
1735 2226 41.9359 -87.7146 41.9472 -87.7387
1202 1536 41.9823 -87.668 41.9725 -87.675
1273 1422 41.9823 -87.668 41.9825 -87.6729
1459 2195 41.8983 -87.6763 41.878 -87.7048
1472 1755 41.9388 -87.6657 41.9504 -87.669
1371 1803 41.9388 -87.6657 41.9535 -87.6836
1323 1591 41.978 -87.6738 41.9823 -87.668
1334 1540 41.9947 -87.7166 41.9995 -87.7134
1459 1900 42.0272 -87.7165 42.0251 -87.7379
1338 2063 41.9902 -87.7447 41.9995 -87.7134
1673 1799 41.8983 -87.6763 41.9025 -87.6748
1394 2343 42.0679 -87.7067 42.0272 -87.7165
1455 1929 41.9995 -87.7134 41.9967 -87.7398
1422 1730 41.9825 -87.6729 41.9823 -87.668
1589 1951 41.9995 -87.7134 41.986 -87.706
1448 1917 41.9608 -87.6691 41.9823 -87.668
1559 1992 41.9995 -87.7134 42.0111 -87.7032
1497 1894 41.9388 -87.6657 41.9441 -87.6833
1471 2163 41.9128 -87.6981 41.8983 -87.6763
1489 2337 41.9619 -87.7771 41.9693 -87.7279
1699 2392 41.9995 -87.7134 41.9904 -87.7459
1649 1983 41.9388 -87.6657 41.9279 -87.6488
1522 1965 42.0165 -87.6926 42.0099 -87.6744
2337 2975 41.9693 -87.7279 41.9809 -87.7659
1536 2321 41.9725 -87.675 41.9823 -87.668
2037 2257 41.9388 -87.6657 41.9304 -87.6557
1575 2137 41.9552 -87.7394 41.9693 -87.7279
2137 2807 41.9693 -87.7279 41.9809 -87.7684
1601 1890 41.8909 -87.6739 41.8983 -87.6763
1859 2051 41.9122 -87.6394 41.9208 -87.6423
1759 2175 41.9122 -87.6394 41.9204 -87.6571
1622 1938 42.0173 -87.7076 42.0272 -87.7165
1656 2094 41.9638 -87.6651 41.9823 -87.668
1671 2395 42.0515 -87.7239 42.0272 -87.7165
1820 2167 41.9823 -87.668 41.9778 -87.6833
1879 2263 42.0272 -87.7165 42.0415 -87.7069
1755 2042 41.9504 -87.669 41.9388 -87.6657
1799 1933 41.9025 -87.6748 41.8983 -87.6763
1803 2255 41.9535 -87.6836 41.9388 -87.6657
2130 2745 41.8983 -87.6763 41.8746 -87.6887
1887 2261 41.9256 -87.7232 41.9359 -87.7146
1894 2432 41.9441 -87.6833 41.9388 -87.6657
1938 2248 42.0272 -87.7165 42.0173 -87.7076
1900 2365 42.0251 -87.7379 42.0272 -87.7165
2367 2532 42.0099 -87.6744 42.0088 -87.6849
1929 2464 41.9967 -87.7398 41.9995 -87.7134
2134 2794 41.8983 -87.6763 41.8693 -87.6865
1946 2701 41.9119 -87.7137 41.9359 -87.7146
1951 2353 41.986 -87.706 41.9995 -87.7134
2261 2756 41.9359 -87.7146 41.9158 -87.7069
1975 2585 41.9613 -87.6923 41.9693 -87.7279
2701 3032 41.9359 -87.7146 41.9499 -87.7091
1983 2481 41.9279 -87.6488 41.9388 -87.6657
1992 2565 42.0111 -87.7032 41.9995 -87.7134
2225 2353 41.9388 -87.6657 41.9425 -87.6622
2343 2610 42.0272 -87.7165 42.0245 -87.7241
2051 2265 41.9208 -87.6423 41.9122 -87.6394
2078 2606 41.9267 -87.6919 41.9359 -87.7146
2160 2367 41.9995 -87.7134 41.999 -87.7046
2585 2906 41.9693 -87.7279 41.9787 -87.7371
2189 2718 41.8983 -87.6763 41.9219 -87.6866
2167 2542 41.9778 -87.6833 41.9823 -87.668
2175 2628 41.9204 -87.6571 41.9122 -87.6394
2353 3031 41.9995 -87.7134 41.9951 -87.754
2190 2650 41.9259 -87.695 41.9359 -87.7146
2195 2953 41.878 -87.7048 41.8983 -87.6763
2606 3003 41.9359 -87.7146 41.9525 -87.7068
2226 2718 41.9472 -87.7387 41.9359 -87.7146
2553 2934 41.8983 -87.6763 41.891 -87.6605
2650 2923 41.9359 -87.7146 41.9287 -87.7042
2243 2934 41.9634 -87.69 41.9693 -87.7279
2248 2696 42.0173 -87.7076 42.0272 -87.7165
2257 2512 41.9304 -87.6557 41.9388 -87.6657
2263 2732 42.0415 -87.7069 42.0272 -87.7165
2464 2957 41.9995 -87.7134 41.9795 -87.7002
2565 2763 41.9995 -87.7134 41.9928 -87.7189
3261 3666 41.9388 -87.6657 41.9571 -87.6692
2552 3025 41.9388 -87.6657 41.9586 -87.6691
2718 3370 41.9359 -87.7146 41.9498 -87.7484
2953 3658 41.8983 -87.6763 41.8675 -87.6872
2353 2514 41.9425 -87.6622 41.9388 -87.6657
2481 2708 41.9388 -87.6657 41.9457 -87.6591
2367 2608 41.999 -87.7046 41.9995 -87.7134
2392 3102 41.9904 -87.7459 41.9995 -87.7134
2934 3533 41.9693 -87.7279 41.9638 -87.6912
2532 2749 42.0088 -87.6849 42.0099 -87.6744
2574 3373 41.9581 -87.7672 41.9693 -87.7279
2610 2940 42.0245 -87.7241 42.0272 -87.7165
2657 3144 42.0272 -87.7165 42.0164 -87.7309
2912 3282 41.9995 -87.7134 41.9929 -87.6983
3339 3762 41.9995 -87.7134 41.9822 -87.7023
2708 2980 41.9457 -87.6591 41.9388 -87.6657
2718 3415 41.9219 -87.6866 41.8983 -87.6763
2743 3536 41.874 -87.6312 41.8416 -87.633
2745 3426 41.8746 -87.6887 41.8983 -87.6763
2767 3077 41.9388 -87.6657 41.9432 -87.6827
2756 3268 41.9158 -87.7069 41.9359 -87.7146
2763 3102 41.9928 -87.7189 41.9995 -87.7134
2822 3308 41.9388 -87.6657 41.9523 -87.689
2794 3460 41.8693 -87.6865 41.8983 -87.6763
2807 3483 41.9809 -87.7684 41.9693 -87.7279
3268 3574 41.9359 -87.7146 41.9368 -87.7231
3373 3478 41.9693 -87.7279 41.9685 -87.7219
3102 3388 41.9995 -87.7134 41.9965 -87.702
2906 3262 41.9787 -87.7371 41.9693 -87.7279
3262 3981 41.9693 -87.7279 41.9605 -87.7691
2923 3221 41.9287 -87.7042 41.9359 -87.7146
2934 3363 41.891 -87.6605 41.8983 -87.6763
2957 3481 41.9795 -87.7002 41.9995 -87.7134
3363 3540 41.8983 -87.6763 41.9002 -87.6735
2975 3636 41.9809 -87.7659 41.9693 -87.7279
3415 3544 41.8983 -87.6763 41.8932 -87.6759
3481 4154 41.9995 -87.7134 41.9904 -87.7483
3162 3451 41.9388 -87.6657 41.9278 -87.6519
3003 3592 41.9525 -87.7068 41.9359 -87.7146
3221 3544 41.9359 -87.7146 41.925 -87.7093
3025 3533 41.9586 -87.6691 41.9388 -87.6657
3533 3806 41.9388 -87.6657 41.9302 -87.6538
3031 3952 41.9951 -87.754 41.9995 -87.7134
3032 3411 41.9499 -87.7091 41.9359 -87.7146
4172 4543 41.9995 -87.7134 41.9924 -87.697
3411 3975 41.9359 -87.7146 41.959 -87.7033
3893 4070 41.9122 -87.6394 41.9211 -87.6389
3592 4144 41.9359 -87.7146 41.9123 -87.7179
3483 4020 41.9693 -87.7279 41.9724 -87.7
3077 3468 41.9432 -87.6827 41.9388 -87.6657
3426 3579 41.8983 -87.6763 41.8978 -87.6733
3144 3635 42.0164 -87.7309 42.0272 -87.7165
3636 4142 41.9693 -87.7279 41.9819 -87.7361
3250 3711 41.9823 -87.668 41.9755 -87.6867
3282 3711 41.9929 -87.6983 41.9995 -87.7134
3601 4002 42.0272 -87.7165 42.0398 -87.7242
3460 3990 41.8983 -87.6763 41.9214 -87.6847
3711 3853 41.9995 -87.7134 41.9959 -87.719
3308 3815 41.9523 -87.689 41.9388 -87.6657
3525 3902 41.9388 -87.6657 41.9552 -87.6745
3370 4163 41.9498 -87.7484 41.9359 -87.7146
3580 3949 41.9823 -87.668 41.9674 -87.671
3388 3676 41.9965 -87.702 41.9995 -87.7134
4163 4731 41.9359 -87.7146 41.9556 -87.6983
3815 4305 41.9388 -87.6657 41.9468 -87.6918
3451 3789 41.9278 -87.6519 41.9388 -87.6657
3464 3845 42.0272 -87.7165 42.0441 -87.7157
3582 3824 41.9823 -87.668 41.9726 -87.6639
3478 3618 41.9685 -87.7219 41.9693 -87.7279
4076 4323 41.9823 -87.668 41.9736 -87.6622
3789 4142 41.9388 -87.6657 41.953 -87.6702
3566 4198 42.0272 -87.7165 42.0551 -87.719
3533 4135 41.9638 -87.6912 41.9693 -87.7279
3618 4301 41.9693 -87.7279 41.9565 -87.7505
3536 4346 41.8416 -87.633 41.874 -87.6312
3540 3764 41.9002 -87.6735 41.8983 -87.6763
3544 3918 41.925 -87.7093 41.9359 -87.7146
3544 3767 41.8932 -87.6759 41.8983 -87.6763
3772 4087 41.8983 -87.6763 41.904 -87.6626
4135 4921 41.9693 -87.7279 41.9634 -87.7783
3676 3894 41.9995 -87.7134 41.9937 -87.7217
3574 3932 41.9368 -87.7231 41.9359 -87.7146
3579 3799 41.8978 -87.6733 41.8983 -87.6763
3918 4598 41.9359 -87.7146 41.9479 -87.7513
3658 4458 41.8675 -87.6872 41.8983 -87.6763
3666 4151 41.9571 -87.6692 41.9388 -87.6657
4151 4564 41.9388 -87.6657 41.9511 -87.6527
3711 4281 41.9755 -87.6867 41.9823 -87.668
3880 4366 41.9823 -87.668 41.9748 -87.6935
3762 4284 41.9822 -87.7023 41.9995 -87.7134
3932 4244 41.9359 -87.7146 41.9282 -87.7223
3806 4096 41.9302 -87.6538 41.9388 -87.6657
4068 4502 42.0272 -87.7165 42.0203 -87.6945
4096 4343 41.9388 -87.6657 41.9261 -87.6664
3824 4084 41.9726 -87.6639 41.9823 -87.668
4058 4183 41.9122 -87.6394 41.9077 -87.6375
3845 4242 42.0441 -87.7157 42.0272 -87.7165
3853 4041 41.9959 -87.719 41.9995 -87.7134
3894 4163 41.9937 -87.7217 41.9995 -87.7134
3902 4294 41.9552 -87.6745 41.9388 -87.6657
3949 4470 41.9674 -87.671 41.9823 -87.668
3975 4595 41.959 -87.7033 41.9359 -87.7146
3981 4843 41.9605 -87.7691 41.9693 -87.7279
4052 4734 41.8983 -87.6763 41.873 -87.69
3990 4574 41.9214 -87.6847 41.8983 -87.6763
4299 4772 41.9122 -87.6394 41.9098 -87.6616
4002 4516 42.0398 -87.7242 42.0272 -87.7165
4843 5131 41.9693 -87.7279 41.9567 -87.7277
4020 4576 41.9724 -87.7 41.9693 -87.7279
4350 4511 41.8983 -87.6763 41.8915 -87.6781
4458 4889 41.8983 -87.6763 41.9193 -87.6789
4595 4962 41.9359 -87.7146 41.921 -87.7101
4308 4501 41.9823 -87.668 41.9747 -87.6695
4576 5035 41.9693 -87.7279 41.9743 -87.7547
4294 4609 41.9388 -87.6657 41.9493 -87.6701
4070 4303 41.9211 -87.6389 41.9122 -87.6394
4087 4566 41.904 -87.6626 41.8983 -87.6763
4202 4478 42.0272 -87.7165 42.03 -87.7285
4142 4525 41.953 -87.6702 41.9388 -87.6657
4142 4664 41.9819 -87.7361 41.9693 -87.7279
4144 4713 41.9123 -87.7179 41.9359 -87.7146
4154 4899 41.9904 -87.7483 41.9995 -87.7134
4566 5079 41.8983 -87.6763 41.92 -87.6883
4713 4882 41.9359 -87.7146 41.9346 -87.7087
4664 5429 41.9693 -87.7279 41.9745 -87.7794
4183 4414 41.9077 -87.6375 41.9122 -87.6394
4198 4846 42.0551 -87.719 42.0272 -87.7165
4284 5140 41.874 -87.6312 41.8351 -87.6389
4244 4604 41.9282 -87.7223 41.9359 -87.7146
4287 4817 42.0272 -87.7165 42.05 -87.7152
4604 5047 41.9359 -87.7146 41.9282 -87.693
4301 5112 41.9565 -87.7505 41.9693 -87.7279
4525 4815 41.9388 -87.6657 41.9356 -87.6831
4305 4820 41.9468 -87.6918 41.9388 -87.6657
4612 4967 41.9995 -87.7134 41.9922 -87.698
4323 4597 41.9736 -87.6622 41.9823 -87.668
4357 4481 41.9823 -87.668 41.9825 -87.6711
4343 4606 41.9261 -87.6664 41.9388 -87.6657
5112 5385 41.9693 -87.7279 41.9706 -87.7146
4475 4664 41.9995 -87.7134 41.9963 -87.7227
4606 4903 41.9388 -87.6657 41.9262 -87.66
4820 5265 41.9388 -87.6657 41.9541 -87.6834
4366 4852 41.9748 -87.6935 41.9823 -87.668
4724 5557 41.9995 -87.7134 42.0003 -87.75
4478 4791 42.03 -87.7285 42.0272 -87.7165
4481 4623 41.9825 -87.6711 41.9823 -87.668
4501 4726 41.9747 -87.6695 41.9823 -87.668
4502 4948 42.0203 -87.6945 42.0272 -87.7165
4511 4672 41.8915 -87.6781 41.8983 -87.6763
4899 5160 41.9995 -87.7134 42.0016 -87.7034
4543 4918 41.9924 -87.697 41.9995 -87.7134
4902 5730 42.0272 -87.7165 42.0555 -87.7347
4791 5022 42.0272 -87.7165 42.0337 -87.708
4564 5023 41.9511 -87.6527 41.9388 -87.6657
5023 5188 41.9388 -87.6657 41.9452 -87.6633
4598 5362 41.9479 -87.7513 41.9359 -87.7146
4609 4950 41.9493 -87.6701 41.9388 -87.6657
4988 5129 41.9823 -87.668 41.9795 -87.6722
4707 5058 41.9823 -87.668 41.9724 -87.6773
4918 5159 41.9995 -87.7134 41.9903 -87.7132
4846 5071 42.0272 -87.7165 42.0318 -87.7222
4820 5231 41.9823 -87.668 41.9761 -87.6895
4826 5399 41.8983 -87.6763 41.9106 -87.7003
4664 4864 41.9963 -87.7227 41.9995 -87.7134
4950 5173 41.9388 -87.6657 41.9295 -87.6642
4864 5037 41.9995 -87.7134 41.9975 -87.7043
4731 5318 41.9556 -87.6983 41.9359 -87.7146
4734 5477 41.873 -87.69 41.8983 -87.6763
4972 5127 41.8983 -87.6763 41.8941 -87.6777
4948 5405 42.0272 -87.7165 42.0148 -87.7004
4772 5348 41.9098 -87.6616 41.9122 -87.6394
4815 5117 41.9356 -87.6831 41.9388 -87.6657
4817 5395 42.05 -87.7152 42.0272 -87.7165
5477 5689 41.8983 -87.6763 41.9012 -87.6862
4882 5064 41.9346 -87.7087 41.9359 -87.7146
4889 5341 41.9193 -87.6789 41.8983 -87.6763
4903 5259 41.9262 -87.66 41.9388 -87.6657
5117 5289 41.9388 -87.6657 41.9326 -87.658
5341 5484 41.8983 -87.6763 41.8941 -87.6737
4921 5726 41.9634 -87.7783 41.9693 -87.7279
5726 6623 41.9693 -87.7279 41.9497 -87.7669
4962 5330 41.921 -87.7101 41.9359 -87.7146
4967 5365 41.9922 -87.698 41.9995 -87.7134
5365 5650 41.9995 -87.7134 42.0037 -87.7223
5064 5466 41.9359 -87.7146 41.9372 -87.7329
5318 5744 41.9359 -87.7146 41.9209 -87.7208
5259 5565 41.9388 -87.6657 41.9231 -87.6633
5022 5296 42.0337 -87.708 42.0272 -87.7165
5330 5833 41.9359 -87.7146 41.9189 -87.7217
5035 5497 41.9743 -87.7547 41.9693 -87.7279
5037 5334 41.9975 -87.7043 41.9995 -87.7134
5651 6185 42.0272 -87.7165 42.0166 -87.7345
5047 5518 41.9282 -87.693 41.9359 -87.7146
5362 5759 41.9359 -87.7146 41.9399 -87.7338
5058 5495 41.9724 -87.6773 41.9823 -87.668
5071 5304 42.0318 -87.7222 42.0272 -87.7165
5111 5549 42.0099 -87.6744 42.0157 -87.6987
5079 5612 41.92 -87.6883 41.8983 -87.6763
5341 5821 42.0272 -87.7165 42.0387 -87.7314
5395 5691 42.0272 -87.7165 42.0367 -87.7207
5497 6032 41.9693 -87.7279 41.9667 -87.6977
5127 5339 41.8941 -87.6777 41.8983 -87.6763
5129 5313 41.9795 -87.6722 41.9823 -87.668
5131 5476 41.9567 -87.7277 41.9693 -87.7279
5476 6056 41.9693 -87.7279 41.9516 -87.7465
5140 5997 41.8351 -87.6389 41.874 -87.6312
5159 5443 41.9903 -87.7132 41.9995 -87.7134
5160 5427 42.0016 -87.7034 41.9995 -87.7134
5339 5509 41.8983 -87.6763 41.9042 -87.6738
5173 5429 41.9295 -87.6642 41.9388 -87.6657
5188 5498 41.9452 -87.6633 41.9388 -87.6657
5231 5730 41.9761 -87.6895 41.9823 -87.668
5429 5978 41.9388 -87.6657 41.9549 -87.69
5265 5714 41.9541 -87.6834 41.9388 -87.6657
5355 5564 41.9823 -87.668 41.9888 -87.6716
5289 5468 41.9326 -87.658 41.9388 -87.6657
5468 5788 41.9388 -87.6657 41.9491 -87.6701
6281 6668 41.8983 -87.6763 41.9135 -87.6857
5385 5664 41.9706 -87.7146 41.9693 -87.7279
5399 6074 41.9106 -87.7003 41.8983 -87.6763
5405 5864 42.0148 -87.7004 42.0272 -87.7165
5864 6195 42.0272 -87.7165 42.0385 -87.707
5609 5843 41.9995 -87.7134 41.9892 -87.7152
5610 6040 41.9823 -87.668 41.9725 -87.6842
5554 6098 41.9359 -87.7146 41.9152 -87.6971
5429 6213 41.9745 -87.7794 41.9693 -87.7279
5466 5908 41.9372 -87.7329 41.9359 -87.7146
5674 6393 41.9693 -87.7279 41.9813 -87.772
5558 6177 42.0099 -87.6744 42.041 -87.6836
5908 6409 41.9359 -87.7146 41.9401 -87.7383
5484 5653 41.8941 -87.6737 41.8983 -87.6763
5575 5877 41.9388 -87.6657 41.9533 -87.6642
5741 5970 41.9823 -87.668 41.9727 -87.6647
6213 6803 41.9693 -87.7279 41.9638 -87.69
5509 5722 41.9042 -87.6738 41.8983 -87.6763
5549 6001 42.0157 -87.6987 42.0099 -87.6744
6035 6193 41.9388 -87.6657 41.9325 -87.6619
5557 6393 42.0003 -87.75 41.9995 -87.7134
5564 5898 41.9888 -87.6716 41.9823 -87.668
5565 5877 41.9231 -87.6633 41.9388 -87.6657
5661 6132 41.9823 -87.668 41.973 -87.6881
5650 6006 42.0037 -87.7223 41.9995 -87.7134
5870 6107 41.9823 -87.668 41.9883 -87.6742
5689 5911 41.9012 -87.6862 41.8983 -87.6763
5691 6105 42.0367 -87.7207 42.0272 -87.7165
6105 6930 42.0272 -87.7165 42.0633 -87.7122
5730 6689 42.0555 -87.7347 42.0272 -87.7165
5859 6549 41.9995 -87.7134 41.9891 -87.7446
5744 6174 41.9209 -87.7208 41.9359 -87.7146
6689 7245 42.0272 -87.7165 42.0428 -87.6956
5767 6214 42.0099 -87.6744 42.0191 -87.6949
5759 6161 41.9399 -87.7338 41.9359 -87.7146
5788 6122 41.9491 -87.6701 41.9388 -87.6657
5955 6274 41.9823 -87.668 41.9888 -87.6568
5858 6216 41.8983 -87.6763 41.9087 -87.6872
5821 6378 42.0387 -87.7314 42.0272 -87.7165
6148 6351 41.9388 -87.6657 41.9453 -87.6604
5833 6370 41.9189 -87.7217 41.9359 -87.7146
6161 6554 41.9359 -87.7146 41.9505 -87.7042
5843 6078 41.9892 -87.7152 41.9995 -87.7134
6174 6741 41.9359 -87.7146 41.9353 -87.7415
5877 6200 41.9533 -87.6642 41.9388 -87.6657
5975 6499 41.9995 -87.7134 41.9977 -87.7411
6552 6812 42.0272 -87.7165 42.0267 -87.7259
6452 6564 41.9995 -87.7134 42.0023 -87.7167
5970 6328 41.9727 -87.6647 41.9823 -87.668
5978 6582 41.9549 -87.69 41.9388 -87.6657
6122 6472 41.9388 -87.6657 41.9228 -87.6645
6370 6548 41.9359 -87.7146 41.9328 -87.7187
6504 6834 41.9823 -87.668 41.9699 -87.6611
6032 6622 41.9667 -87.6977 41.9693 -87.7279
6040 6545 41.9725 -87.6842 41.9823 -87.668
6056 6645 41.9516 -87.7465 41.9693 -87.7279
6622 6938 41.9693 -87.7279 41.9642 -87.7439
6098 6646 41.9152 -87.6971 41.9359 -87.7146
6645 6940 41.9693 -87.7279 41.9669 -87.7097
6107 6381 41.9883 -87.6742 41.9823 -87.668
6132 6758 41.973 -87.6881 41.9823 -87.668
6423 6858 41.9995 -87.7134 41.9804 -87.7035
6646 7066 41.9359 -87.7146 41.9215 -87.7044
6416 6850 41.8983 -87.6763 41.9057 -87.6941
6177 6868 42.041 -87.6836 42.0099 -87.6744
6185 6740 42.0166 -87.7345 42.0272 -87.7165
6193 6374 41.9325 -87.6619 41.9388 -87.6657
6195 6587 42.0385 -87.707 42.0272 -87.7165
6214 6728 42.0191 -87.6949 42.0099 -87.6744
6216 6588 41.9087 -87.6872 41.8983 -87.6763
6358 6622 41.9388 -87.6657 41.9287 -87.6715
6381 6896 41.9823 -87.668 41.9818 -87.6942
6393 6664 41.9995 -87.7134 41.9992 -87.6997
6406 6615 41.9122 -87.6394 41.9038 -87.6404
6400 6861 41.8983 -87.6763 41.9192 -87.6838
6274 6643 41.9888 -87.6568 41.9823 -87.668
6708 7354 42.0272 -87.7165 42.0471 -87.6946
6351 6654 41.9453 -87.6604 41.9388 -87.6657
6569 6919 41.9388 -87.6657 41.944 -87.6845
6393 7144 41.9813 -87.772 41.9693 -87.7279
7144 7408 41.9693 -87.7279 41.9712 -87.7405
6740 7174 42.0272 -87.7165 42.0445 -87.7196
6409 7004 41.9401 -87.7383 41.9359 -87.7146
6545 7045 41.9823 -87.668 41.9667 -87.6807
7004 7456 41.9359 -87.7146 41.9206 -87.7007
6619 7061 41.8983 -87.6763 41.9177 -87.6845
6472 6859 41.9228 -87.6645 41.9388 -87.6657
6582 7024 41.9388 -87.6657 41.95 -87.6871
6588 6895 41.8983 -87.6763 41.8947 -87.6641
6499 7151 41.9977 -87.7411 41.9995 -87.7134
6654 7164 41.9388 -87.6657 41.9596 -87.6823
6859 7208 41.9388 -87.6657 41.9375 -87.6856
6548 6731 41.9328 -87.7187 41.9359 -87.7146
6549 7253 41.9891 -87.7446 41.9995 -87.7134
6554 6968 41.9505 -87.7042 41.9359 -87.7146
6731 7240 41.9359 -87.7146 41.9162 -87.7204
6564 6707 42.0023 -87.7167 41.9995 -87.7134
6615 6856 41.9038 -87.6404 41.9122 -87.6394
6622 6888 41.9287 -87.6715 41.9388 -87.6657
6623 7548 41.9497 -87.7669 41.9693 -87.7279
6968 7368 41.9359 -87.7146 41.9475 -87.7005
6664 6936 41.9992 -87.6997 41.9995 -87.7134
6668 7067 41.9135 -87.6857 41.8983 -87.6763
7224 7788 41.9388 -87.6657 41.9548 -87.6909
6741 7377 41.9353 -87.7415 41.9359 -87.7146
7548 7739 41.9693 -87.7279 41.9702 -87.7188
7377 7715 41.9359 -87.7146 41.9219 -87.7129
6803 7459 41.9638 -87.69 41.9693 -87.7279
7096 7442 41.8983 -87.6763 41.9066 -87.6651
6812 7084 42.0267 -87.7259 42.0272 -87.7165
6838 6993 41.9823 -87.668 41.9773 -87.6697
6834 7282 41.9699 -87.6611 41.9823 -87.668
6850 7338 41.9057 -87.6941 41.8983 -87.6763
6858 7343 41.9804 -87.7035 41.9995 -87.7134
6861 7393 41.9192 -87.6838 41.8983 -87.6763
7013 7544 41.874 -87.6312 41.8586 -87.6476
6895 7250 41.8947 -87.6641 41.8983 -87.6763
6896 7418 41.9818 -87.6942 41.9823 -87.668
6961 7235 41.9995 -87.7134 41.9898 -87.7064
6919 7354 41.944 -87.6845 41.9388 -87.6657
6930 7769 42.0633 -87.7122 42.0272 -87.7165
6938 7284 41.9642 -87.7439 41.9693 -87.7279
6940 7261 41.9669 -87.7097 41.9693 -87.7279
6987 7831 41.9995 -87.7134 42.0064 -87.755
7151 7805 41.9995 -87.7134 41.9876 -87.7445
7261 7407 41.9693 -87.7279 41.9627 -87.7291
6993 7200 41.9773 -87.6697 41.9823 -87.668
7289 7523 41.9823 -87.668 41.9918 -87.6639
7284 7896 41.9693 -87.7279 41.9599 -87.7533
7354 7561 41.9388 -87.6657 41.9301 -87.6586
7024 7530 41.95 -87.6871 41.9388 -87.6657
7459 8172 41.9693 -87.7279 41.9751 -87.7733
7045 7775 41.9667 -87.6807 41.9823 -87.668
7061 7538 41.9177 -87.6845 41.8983 -87.6763
7066 7493 41.9215 -87.7044 41.9359 -87.7146
7530 8026 41.9388 -87.6657 41.9543 -87.6872
7597 7691 41.9995 -87.7134 42.0028 -87.7126
7493 7656 41.9359 -87.7146 41.9368 -87.7201
7143 7356 42.0272 -87.7165 42.0269 -87.7233
7280 7581 41.9823 -87.668 41.9743 -87.6717
7448 7950 41.8983 -87.6763 41.9129 -87.6922
7164 7752 41.9596 -87.6823 41.9388 -87.6657
7174 7610 42.0445 -87.7196 42.0272 -87.7165
7208 7625 41.9375 -87.6856 41.9388 -87.6657
7282 7791 41.9823 -87.668 41.9741 -87.6901
7235 7520 41.9898 -87.7064 41.9995 -87.7134
7240 7777 41.9162 -87.7204 41.9359 -87.7146
7777 8257 41.9359 -87.7146 41.9196 -87.723
7245 7831 42.0428 -87.6956 42.0272 -87.7165
7610 7897 42.0272 -87.7165 42.0254 -87.7273
7704 7879 41.9388 -87.6657 41.9471 -87.665
7446 7959 41.9995 -87.7134 41.9785 -87.7029
7338 7954 41.874 -87.6312 41.8567 -87.6514
7752 8020 41.9388 -87.6657 41.9495 -87.6755
7375 7544 41.8983 -87.6763 41.8958 -87.6847
7354 8039 42.0471 -87.6946 42.0272 -87.7165
7356 7575 42.0269 -87.7233 42.0272 -87.7165
7368 7788 41.9475 -87.7005 41.9359 -87.7146
7407 7558 41.9627 -87.7291 41.9693 -87.7279
7408 7697 41.9712 -87.7405 41.9693 -87.7279
7532 8325 41.874 -87.6312 41.8416 -87.633
7575 8450 41.874 -87.6312 41.8372 -87.6206
7899 8759 41.9693 -87.7279 41.9729 -87.7843
7624 7841 41.8983 -87.6763 41.8933 -87.6695
7442 7818 41.9066 -87.6651 41.8983 -87.6763
7456 8055 41.9206 -87.7007 41.9359 -87.7146
7612 8050 42.0272 -87.7165 42.0147 -87.7018
7697 8199 41.9693 -87.7279 41.9519 -87.738
7925 8224 41.9823 -87.668 41.9778 -87.6798
7788 8099 41.9359 -87.7146 41.9296 -87.7024
7748 7835 41.8983 -87.6763 41.8965 -87.6795
7769 8154 42.0272 -87.7165 42.0404 -87.7054
7523 7801 41.9918 -87.6639 41.9823 -87.668
7818 7971 41.8983 -87.6763 41.8978 -87.6733
7831 8255 42.0272 -87.7165 42.0333 -87.6946
8215 8605 41.9995 -87.7134 41.9905 -87.6977
7775 8045 41.9823 -87.668 41.9897 -87.6582
7544 7819 41.8958 -87.6847 41.8983 -87.6763
7544 8089 41.8586 -87.6476 41.874 -87.6312
7561 7792 41.9301 -87.6586 41.9388 -87.6657
7929 8468 41.9388 -87.6657 41.9584 -87.6723
7581 7895 41.9743 -87.6717 41.9823 -87.668
8055 8568 41.9359 -87.7146 41.9494 -87.738
7656 7906 41.9368 -87.7201 41.9359 -87.7146
7906 8266 41.9359 -87.7146 41.9425 -87.7308
7691 7901 42.0028 -87.7126 41.9995 -87.7134
8039 8409 42.0272 -87.7165 42.0291 -87.6957
7715 8150 41.9219 -87.7129 41.9359 -87.7146
8150 8692 41.9359 -87.7146 41.951 -87.7381
7739 7945 41.9702 -87.7188 41.9693 -87.7279
8275 8591 41.9995 -87.7134 42.0039 -87.7046
7948 8160 42.0099 -87.6744 42.0122 -87.6854
7788 8377 41.9548 -87.6909 41.9388 -87.6657
7791 8302 41.9741 -87.6901 41.9823 -87.668
7805 8476 41.9876 -87.7445 41.9995 -87.7134
7831 8685 42.0064 -87.755 41.9995 -87.7134
8223 8628 41.9823 -87.668 41.9711 -87.677
7835 7932 41.8965 -87.6795 41.8983 -87.6763
7841 8120 41.8933 -87.6695 41.8983 -87.6763
8377 8759 41.9388 -87.6657 41.9478 -87.6846
7945 8663 41.9693 -87.7279 41.9667 -87.7775
7879 8136 41.9471 -87.665 41.9388 -87.6657
7896 8526 41.9599 -87.7533 41.9693 -87.7279
7897 8232 42.0254 -87.7273 42.0272 -87.7165
8476 8681 41.9995 -87.7134 42.0006 -87.7248
8194 8505 41.9388 -87.6657 41.9372 -87.6831
8678 8746 41.9823 -87.668 41.9806 -87.6683
7950 8487 41.9129 -87.6922 41.8983 -87.6763
8302 8510 41.9823 -87.668 41.9744 -87.6655
7954 8602 41.8567 -87.6514 41.874 -87.6312
7959 8477 41.9785 -87.7029 41.9995 -87.7134
7971 8125 41.8978 -87.6733 41.8983 -87.6763
8250 8375 41.8983 -87.6763 41.8976 -87.6839
8020 8339 41.9495 -87.6755 41.9388 -87.6657
8214 8400 41.8983 -87.6763 41.9062 -87.6772
8026 8550 41.9543 -87.6872 41.9388 -87.6657
8260 8388 41.8983 -87.6763 41.8968 -87.6814
8045 8330 41.9897 -87.6582 41.9823 -87.668
8050 8502 42.0147 -87.7018 42.0272 -87.7165
8477 8927 41.9995 -87.7134 41.9895 -87.6969
8597 8921 41.9693 -87.7279 41.9547 -87.7309
8099 8443 41.9296 -87.7024 41.9359 -87.7146
8339 8683 41.9388 -87.6657 41.9536 -87.6742
8154 8607 42.0404 -87.7054 42.0272 -87.7165
8160 8372 42.0122 -87.6854 42.0099 -87.6744
8172 8899 41.9751 -87.7733 41.9693 -87.7279
8562 8850 41.9388 -87.6657 41.926 -87.6694
8685 8935 41.9995 -87.7134 41.9893 -87.714
8199 8713 41.9519 -87.738 41.9693 -87.7279
8443 8596 41.9359 -87.7146 41.932 -87.7114
8224 8556 41.9778 -87.6798 41.9823 -87.668
8368 8878 41.9823 -87.668 41.9786 -87.698
8556 8839 41.9823 -87.668 41.9901 -87.6578
8255 8725 42.0333 -87.6946 42.0272 -87.7165
8257 8768 41.9196 -87.723 41.9359 -87.7146
8386 8730 42.0099 -87.6744 41.9983 -87.6814
8266 8683 41.9425 -87.7308 41.9359 -87.7146
8855 9572 41.9693 -87.7279 41.9792 -87.7695
8335 8682 41.8983 -87.6763 41.891 -87.663
8325 9166 41.8416 -87.633 41.874 -87.6312
8487 8763 41.8983 -87.6763 41.8957 -87.6909
8899 9298 41.9693 -87.7279 41.9773 -87.7124
8375 8553 41.8976 -87.6839 41.8983 -87.6763
8388 8835 41.8968 -87.6814 41.8983 -87.6763
8565 9163 42.0272 -87.7165 42.0166 -87.7393
8400 8620 41.9062 -87.6772 41.8983 -87.6763
8409 8888 42.0291 -87.6957 42.0272 -87.7165
8450 9353 41.8372 -87.6206 41.874 -87.6312
8468 9010 41.9584 -87.6723 41.9388 -87.6657
9010 9314 41.9388 -87.6657 41.951 -87.6608
8683 9446 41.9359 -87.7146 41.946 -87.7598
8505 8894 41.9372 -87.6831 41.9388 -87.6657
8510 8721 41.9744 -87.6655 41.9823 -87.668
8582 9004 41.8983 -87.6763 41.9094 -87.6884
8565 9052 42.0272 -87.7165 42.0164 -87.7309
8568 9154 41.9494 -87.738 41.9359 -87.7146
8591 8929 42.0039 -87.7046 41.9995 -87.7134
8596 8805 41.932 -87.7114 41.9359 -87.7146
8605 9029 41.9905 -87.6977 41.9995 -87.7134
8628 9064 41.9711 -87.677 41.9823 -87.668
8646 9091 42.0272 -87.7165 42.0172 -87.7241
8663 9420 41.9667 -87.7775 41.9693 -87.7279
8977 9175 41.9995 -87.7134 41.9999 -87.7058
8681 8901 42.0006 -87.7248 41.9995 -87.7134
9172 9712 41.8983 -87.6763 41.9209 -87.6846
8682 9109 41.891 -87.663 41.8983 -87.6763
8683 9063 41.9536 -87.6742 41.9388 -87.6657
8692 9246 41.951 -87.7381 41.9359 -87.7146
8894 9219 42.0272 -87.7165 42.0299 -87.7321
9285 10126 41.9995 -87.7134 42.0082 -87.7525
8730 9146 41.9983 -87.6814 42.0099 -87.6744
8746 8990 41.9806 -87.6683 41.9823 -87.668
9420 9918 41.9693 -87.7279 41.98 -87.754
8759 9276 41.9478 -87.6846 41.9388 -87.6657
8759 9827 41.9729 -87.7843 41.9693 -87.7279
8763 9060 41.8957 -87.6909 41.8983 -87.6763
9827 10180 41.9693 -87.7279 41.9677 -87.7514
8835 8987 41.8983 -87.6763 41.8985 -87.6841
9076 9375 41.9359 -87.7146 41.9491 -87.714
9120 9669 41.9359 -87.7146 41.9182 -87.7197
8921 9052 42.0272 -87.7165 42.0322 -87.7135
9034 9461 41.9388 -87.6657 41.9569 -87.6763
9154 9698 41.9359 -87.7146 41.9579 -87.7033
8846 9144 41.9122 -87.6394 41.9218 -87.6496
8839 9385 41.9901 -87.6578 41.9823 -87.668
8850 9178 41.926 -87.6694 41.9388 -87.6657
9558 9673 41.9823 -87.668 41.9844 -87.6696
8990 9371 41.9823 -87.668 41.9652 -87.6646
8878 9539 41.9786 -87.698 41.9823 -87.668
8921 9306 41.9547 -87.7309 41.9693 -87.7279
8927 9399 41.9895 -87.6969 41.9995 -87.7134
8935 9291 41.9893 -87.714 41.9995 -87.7134
9352 9661 41.9388 -87.6657 41.946 -87.6567
9246 9493 41.9359 -87.7146 41.9321 -87.7044
9306 9628 41.9693 -87.7279 41.9644 -87.7446
9064 9613 41.9823 -87.668 41.9767 -87.7007
9060 9472 41.8983 -87.6763 41.9089 -87.6909
9162 9575 41.8983 -87.6763 41.9137 -87.6873
8987 9228 41.8985 -87.6841 41.8983 -87.6763
9004 9500 41.9094 -87.6884 41.8983 -87.6763
9533 9985 41.9995 -87.7134 41.9822 -87.7001
9385 9899 41.9823 -87.668 41.974 -87.6926
9228 9447 41.8983 -87.6763 41.906 -87.6805
9052 9269 42.0322 -87.7135 42.0272 -87.7165
9052 9555 42.0164 -87.7309 42.0272 -87.7165
9091 9792 42.0172 -87.7241 42.0272 -87.7165
9539 9768 41.9823 -87.668 41.9754 -87.6612
9144 9611 41.9218 -87.6496 41.9122 -87.6394
9291 9588 41.9995 -87.7134 41.9928 -87.7031
9163 9774 42.0166 -87.7393 42.0272 -87.7165
9261 9563 41.9388 -87.6657 41.9516 -87.6617
9175 9417 41.9999 -87.7058 41.9995 -87.7134
9219 9774 42.0299 -87.7321 42.0272 -87.7165
9543 9934 41.9388 -87.6657 41.9542 -87.6768
9482 9680 41.9995 -87.7134 41.9964 -87.7215
9978 10262 42.0272 -87.7165 42.0379 -87.7182
9500 10069 41.8983 -87.6763 41.8739 -87.6844
9298 9735 41.9773 -87.7124 41.9693 -87.7279
9314 9637 41.951 -87.6608 41.9388 -87.6657
9735 10047 41.9693 -87.7279 41.9558 -87.7216
9339 9723 42.0099 -87.6744 42.0158 -87.6948
9926 10117 41.9122 -87.6394 41.9199 -87.6364
9371 9797 41.9652 -87.6646 41.9823 -87.668
9375 9676 41.9491 -87.714 41.9359 -87.7146
9652 9949 41.9388 -87.6657 41.9487 -87.6782
9676 9992 41.9359 -87.7146 41.9268 -87.7207
9631 10506 42.0272 -87.7165 42.0665 -87.7217
9797 10166 41.9823 -87.668 41.9674 -87.671
9446 10223 41.946 -87.7598 41.9359 -87.7146
9447 9783 41.906 -87.6805 41.8983 -87.6763
9461 10017 41.9569 -87.6763 41.9388 -87.6657
9783 10282 41.8983 -87.6763 41.9167 -87.6881
10223 10615 41.9359 -87.7146 41.9493 -87.7054
9472 9976 41.9089 -87.6909 41.8983 -87.6763
9984 10645 42.0099 -87.6744 42.0412 -87.6865
9493 9834 41.9321 -87.7044 41.9359 -87.7146
10017 10364 41.9388 -87.6657 41.9525 -87.6787
10330 10604 41.9359 -87.7146 41.9265 -87.7103
9932 10454 41.9995 -87.7134 41.9788 -87.699
9563 9942 41.9516 -87.6617 41.9388 -87.6657
9572 10349 41.9792 -87.7695 41.9693 -87.7279
9575 10079 41.9137 -87.6873 41.8983 -87.6763
9588 9999 41.9928 -87.7031 41.9995 -87.7134
9976 10495 41.8983 -87.6763 41.9147 -87.6902
9613 10172 41.9767 -87.7007 41.9823 -87.668
9628 9963 41.9644 -87.7446 41.9693 -87.7279
10172 10366 41.9823 -87.668 41.9865 -87.6614
9661 9989 41.946 -87.6567 41.9388 -87.6657
9669 10324 41.9182 -87.7197 41.9359 -87.7146
9673 9844 41.9844 -87.6696 41.9823 -87.668
9680 9915 41.9964 -87.7215 41.9995 -87.7134
9698 10292 41.9579 -87.7033 41.9359 -87.7146
9971 10364 41.9388 -87.6657 41.945 -87.6824
9712 10262 41.9209 -87.6846 41.8983 -87.6763
9723 10117 42.0158 -87.6948 42.0099 -87.6744
9858 10294 42.0272 -87.7165 42.0231 -87.6906
10079 10499 41.8983 -87.6763 41.9156 -87.687
9768 10004 41.9754 -87.6612 41.9823 -87.668
10292 10551 41.9359 -87.7146 41.9382 -87.7249
10486 10740 42.0272 -87.7165 42.0308 -87.7256
10262 10652 41.8983 -87.6763 41.8977 -87.6534
10324 10736 41.9359 -87.7146 41.9229 -87.6969
10881 11334 41.9995 -87.7134 41.9822 -87.7001
10531 10861 41.9823 -87.668 41.9915 -87.6599
9899 10453 41.974 -87.6926 41.9823 -87.668
9918 10431 41.98 -87.754 41.9693 -87.7279
10004 10498 41.9823 -87.668 41.973 -87.6898
9934 10409 41.9542 -87.6768 41.9388 -87.6657
9949 10318 41.9487 -87.6782 41.9388 -87.6657
10075 10602 41.9693 -87.7279 41.9716 -87.7605
10032 10290 41.9388 -87.6657 41.9497 -87.6714
9985 10609 41.9822 -87.7001 41.9995 -87.7134
9992 10462 41.9268 -87.7207 41.9359 -87.7146
10453 10903 41.9823 -87.668 41.9693 -87.6792
10462 10938 41.9359 -87.7146 41.9197 -87.6949
10047 10365 41.9558 -87.7216 41.9693 -87.7279
10318 10445 41.9388 -87.6657 41.9419 -87.6615
10069 10722 41.8739 -87.6844 41.8983 -87.6763
10722 10938 41.8983 -87.6763 41.8924 -87.6707
10409 10635 41.9388 -87.6657 41.9474 -87.6616
10388 10981 41.9693 -87.7279 41.9651 -87.6888
10122 10632 42.0272 -87.7165 42.0383 -87.693
10117 10314 41.9199 -87.6364 41.9122 -87.6394
10126 11017 42.0082 -87.7525 41.9995 -87.7134
10166 10994 41.874 -87.6312 41.8391 -87.6341
10166 10547 41.9674 -87.671 41.9823 -87.668
10547 10957 41.9823 -87.668 41.966 -87.6709
10180 10588 41.9677 -87.7514 41.9693 -87.7279
10313 10571 41.9995 -87.7134 41.9879 -87.7151
10356 11111 41.874 -87.6312 41.8404 -87.6378
10730 11426 41.9693 -87.7279 41.9695 -87.7753
10262 10670 42.0379 -87.7182 42.0272 -87.7165
10431 10915 41.9693 -87.7279 41.9716 -87.7573
10282 10854 41.9167 -87.6881 41.8983 -87.6763
10290 10630 41.9497 -87.6714 41.9388 -87.6657
10294 10796 42.0231 -87.6906 42.0272 -87.7165
10630 10766 41.9388 -87.6657 41.936 -87.672
10854 11223 41.8983 -87.6763 41.9126 -87.6848
10364 10761 41.945 -87.6824 41.9388 -87.6657
10364 10740 41.9525 -87.6787 41.9388 -87.6657
10366 10570 41.9865 -87.6614 41.9823 -87.668
10629 11066 41.9693 -87.7279 41.9758 -87.7071
10670 10860 42.0272 -87.7165 42.0346 -87.7123
10610 10765 41.9995 -87.7134 41.9961 -87.7203
10570 10883 41.9823 -87.668 41.9747 -87.6785
10445 10626 41.9419 -87.6615 41.9388 -87.6657
10454 10996 41.9788 -87.699 41.9995 -87.7134
10495 11032 41.9147 -87.6902 41.8983 -87.6763
10498 11024 41.973 -87.6898 41.9823 -87.668
10499 10973 41.9156 -87.687 41.8983 -87.6763
10506 11619 42.0665 -87.7217 42.0272 -87.7165
10551 11065 41.9382 -87.7249 41.9359 -87.7146
11024 11284 41.9823 -87.668 41.989 -87.6645
10996 11305 41.9995 -87.7134 42.0007 -87.7022
10571 10890 41.9879 -87.7151 41.9995 -87.7134
10602 11368 41.9716 -87.7605 41.9693 -87.7279
10604 10882 41.9265 -87.7103 41.9359 -87.7146
10615 11121 41.9493 -87.7054 41.9359 -87.7146
10900 11087 41.9388 -87.6657 41.9444 -87.6627
11242 11529 42.0099 -87.6744 41.9951 -87.6749
10632 11151 42.0383 -87.693 42.0272 -87.7165
11368 11750 41.9693 -87.7279 41.9621 -87.7095
10635 10948 41.9474 -87.6616 41.9388 -87.6657
10849 11013 41.9388 -87.6657 41.9414 -87.6743
10645 11345 42.0412 -87.6865 42.0099 -87.6744
10652 11075 41.8977 -87.6534 41.8983 -87.6763
10761 10877 41.9388 -87.6657 41.9416 -87.6659
11262 11885 41.9359 -87.7146 41.9333 -87.748
11065 11595 41.9359 -87.7146 41.9274 -87.6914
11121 11538 41.9359 -87.7146 41.9372 -87.7318
10890 11698 41.9995 -87.7134 41.9994 -87.7591
10736 11195 41.9229 -87.6969 41.9359 -87.7146
10740 11029 42.0308 -87.7256 42.0272 -87.7165
10765 10968 41.9961 -87.7203 41.9995 -87.7134
10766 10907 41.936 -87.672 41.9388 -87.6657
10907 11121 41.9388 -87.6657 41.945 -87.6591
10820 10882 41.9122 -87.6394 41.911 -87.6396
10860 11126 42.0346 -87.7123 42.0272 -87.7165
10861 11228 41.9915 -87.6599 41.9823 -87.668
10973 11452 41.8983 -87.6763 41.92 -87.6811
10877 11029 41.9416 -87.6659 41.9388 -87.6657
10882 11198 41.911 -87.6396 41.9122 -87.6394
10883 11199 41.9747 -87.6785 41.9823 -87.668
10927 11029 41.9122 -87.6394 41.9147 -87.6403
10948 11465 41.9388 -87.6657 41.9585 -87.6774
10903 11658 41.9693 -87.6792 41.9823 -87.668
10915 11465 41.9716 -87.7573 41.9693 -87.7279
11465 11984 41.9693 -87.7279 41.9722 -87.696
11235 11678 41.9995 -87.7134 42.011 -87.7077
11195 11576 41.9359 -87.7146 41.921 -87.7149
10938 11162 41.8924 -87.6707 41.8983 -87.6763
10938 11422 41.9197 -87.6949 41.9359 -87.7146
10957 11544 41.966 -87.6709 41.9823 -87.668
11422 11660 41.9359 -87.7146 41.9329 -87.7062
10981 11670 41.9651 -87.6888 41.9693 -87.7279
10994 11913 41.8391 -87.6341 41.874 -87.6312
11013 11255 41.9414 -87.6743 41.9388 -87.6657
11029 11150 41.9147 -87.6403 41.9122 -87.6394
11226 11573 41.9388 -87.6657 41.9385 -87.6856
11136 11441 42.0272 -87.7165 42.0267 -87.6954
11670 11848 41.9693 -87.7279 41.9699 -87.7183
11199 11568 41.9823 -87.668 41.9653 -87.6682
11066 11545 41.9758 -87.7071 41.9693 -87.7279
11087 11279 41.9444 -87.6627 41.9388 -87.6657
11326 11546 41.9823 -87.668 41.99 -87.6625
11403 12292 41.874 -87.6312 41.8345 -87.6356
11111 11878 41.8404 -87.6378 41.874 -87.6312
11594 12067 41.9823 -87.668 41.9624 -87.6708
11121 11490 41.945 -87.6591 41.9388 -87.6657
11194 11540 41.9995 -87.7134 41.9874 -87.7188
11658 12157 41.9823 -87.668 41.9759 -87.6957
11688 12004 41.9388 -87.6657 41.9525 -87.6638
11253 11882 42.0272 -87.7165 42.0505 -87.7061
11223 11610 41.9126 -87.6848 41.8983 -87.6763
11545 12409 41.9693 -87.7279 41.9844 -87.7804
11284 11577 41.989 -87.6645 41.9823 -87.668
11464 11838 41.8983 -87.6763 41.9155 -87.6727
11305 11668 42.0007 -87.7022 41.9995 -87.7134
11502 11844 41.8983 -87.6763 41.8952 -87.6639
11334 12041 41.9822 -87.7001 41.9995 -87.7134
11376 11485 41.8983 -87.6763 41.8968 -87.68
11361 11926 41.9388 -87.6657 41.9487 -87.6925
11426 12136 41.9695 -87.7753 41.9693 -87.7279
11441 11830 42.0267 -87.6954 42.0272 -87.7165
11739 11819 41.8983 -87.6763 41.8996 -87.6747
11452 12007 41.92 -87.6811 41.8983 -87.6763
11571 12131 41.9388 -87.6657 41.9549 -87.6908
11711 12063 41.9823 -87.668 41.967 -87.6651
11465 12036 41.9585 -87.6774 41.9388 -87.6657
12136 12610 41.9693 -87.7279 41.9676 -87.6982
11648 12046 42.0272 -87.7165 42.0262 -87.7362
11485 11789 41.8968 -87.68 41.8983 -87.6763
11842 12060 41.9995 -87.7134 41.9937 -87.7217
11529 11824 41.9951 -87.6749 42.0099 -87.6744
11538 11956 41.9372 -87.7318 41.9359 -87.7146
11540 11950 41.9874 -87.7188 41.9995 -87.7134
11546 12003 41.99 -87.6625 41.9823 -87.668
11950 12500 41.9995 -87.7134 41.9889 -87.736
11568 11998 41.9653 -87.6682 41.9823 -87.668
11573 12000 41.9385 -87.6856 41.9388 -87.6657
11576 12016 41.921 -87.7149 41.9359 -87.7146
11595 12197 41.9274 -87.6914 41.9359 -87.7146
11956 12431 41.9359 -87.7146 41.9452 -87.7372
12041 12359 41.9995 -87.7134 41.993 -87.7019
11660 12035 41.9329 -87.7062 41.9359 -87.7146
12016 12178 41.9359 -87.7146 41.9358 -87.7148
11998 12494 42.0272 -87.7165 42.0377 -87.6977
11678 12213 42.011 -87.7077 41.9995 -87.7134
12213 12522 41.9995 -87.7134 42.0043 -87.7272
11698 12507 41.9994 -87.7591 41.9995 -87.7134
11802 12272 42.0272 -87.7165 42.045 -87.7084
12035 12476 41.9359 -87.7146 41.9215 -87.6966
12000 12249 41.9388 -87.6657 41.9504 -87.6641
11750 12226 41.9621 -87.7095 41.9693 -87.7279
12507 12692 41.9995 -87.7134 41.9955 -87.7216
12036 12159 41.9388 -87.6657 41.9425 -87.6625
11831 12674 41.874 -87.6312 41.8394 -87.6439
12226 12397 41.9693 -87.7279 41.9672 -87.7182
12014 12175 41.8983 -87.6763 41.9027 -87.6724
11819 12113 41.8996 -87.6747 41.8983 -87.6763
12053 12243 42.0272 -87.7165 42.0346 -87.7123
11838 12290 41.9155 -87.6727 41.8983 -87.6763
11844 12316 41.8952 -87.6639 41.8983 -87.6763
11848 12027 41.9699 -87.7183 41.9693 -87.7279
11998 12191 41.9823 -87.668 41.9881 -87.6619
11882 12535 42.0505 -87.7061 42.0272 -87.7165
11885 12571 41.9333 -87.748 41.9359 -87.7146
12535 13130 42.0272 -87.7165 42.0435 -87.6936
11986 12184 41.9122 -87.6394 41.9049 -87.6409
12056 12529 41.9693 -87.7279 41.9699 -87.6963
11926 12498 41.9487 -87.6925 41.9388 -87.6657
12056 12215 41.8983 -87.6763 41.8967 -87.6836
12064 12386 41.9823 -87.668 41.9938 -87.6719
12197 12381 41.9359 -87.7146 41.9297 -87.7122
11984 12524 41.9722 -87.696 41.9693 -87.7279
12004 12356 41.9525 -87.6638 41.9388 -87.6657
12524 13379 41.9693 -87.7279 41.9574 -87.7733
12356 12824 41.9388 -87.6657 41.9504 -87.6894
12046 12480 42.0262 -87.7362 42.0272 -87.7165
12060 12341 41.9937 -87.7217 41.9995 -87.7134
12063 12577 41.967 -87.6651 41.9823 -87.668
12480 12678 42.0272 -87.7165 42.0324 -87.7123
12067 12639 41.9624 -87.6708 41.9823 -87.668
12498 12908 41.9388 -87.6657 41.9504 -87.6851
12260 12893 42.0099 -87.6744 42.0407 -87.6851
12131 12764 41.9549 -87.6908 41.9388 -87.6657
12157 12658 41.9759 -87.6957 41.9823 -87.668
12159 12369 41.9425 -87.6625 41.9388 -87.6657
12341 12836 41.9995 -87.7134 41.9776 -87.7021
12731 13308 41.9388 -87.6657 41.9639 -87.6839
12175 12354 41.9027 -87.6724 41.8983 -87.6763
12178 12345 41.9358 -87.7148 41.9359 -87.7146
12184 12408 41.9049 -87.6409 41.9122 -87.6394
12191 12390 41.9881 -87.6619 41.9823 -87.668
12215 12466 41.8967 -87.6836 41.8983 -87.6763
12764 13168 41.9388 -87.6657 41.956 -87.6754
12297 12421 41.8983 -87.6763 41.8932 -87.6777
12345 12623 41.9359 -87.7146 41.9332 -87.7038
12243 12456 42.0346 -87.7123 42.0272 -87.7165
12456 12999 42.0272 -87.7165 42.0169 -87.7357
12249 12661 41.9504 -87.6641 41.9388 -87.6657
12491 12774 41.9823 -87.668 41.9901 -87.6578
12272 12786 42.045 -87.7084 42.0272 -87.7165
12304 12736 41.8983 -87.6763 41.9088 -87.6884
12292 13196 41.8345 -87.6356 41.874 -87.6312
12705 12978 41.9359 -87.7146 41.9412 -87.7211
12359 12718 41.993 -87.7019 41.9995 -87.7134
12786 13163 42.0272 -87.7165 42.0307 -87.6986
12381 12673 41.9297 -87.7122 41.9359 -87.7146
12386 12727 41.9938 -87.6719 41.9823 -87.668
12673 13129 41.9359 -87.7146 41.92 -87.7001
12397 12704 41.9672 -87.7182 41.9693 -87.7279
12409 13322 41.9844 -87.7804 41.9693 -87.7279
12421 12563 41.8932 -87.6777 41.8983 -87.6763
13117 13558 41.9823 -87.668 41.9638 -87.6624
12737 13320 41.9388 -87.6657 41.9595 -87.6905
12431 12929 41.9452 -87.7372 41.9359 -87.7146
12704 13194 41.9693 -87.7279 41.9771 -87.7112
13322 13932 41.9693 -87.7279 41.9714 -87.6903
12476 12966 41.9215 -87.6966 41.9359 -87.7146
12494 12995 42.0377 -87.6977 42.0272 -87.7165
12500 13261 41.9889 -87.736 41.9995 -87.7134
12718 12866 41.9995 -87.7134 41.9955 -87.7182
13261 13483 41.9995 -87.7134 41.9915 -87.7189
12522 12859 42.0043 -87.7272 41.9995 -87.7134
13036 13292 41.8983 -87.6763 41.9003 -87.6881
12859 12952 41.9995 -87.7134 41.9987 -87.7192
12529 13048 41.9699 -87.6963 41.9693 -87.7279
13064 13648 41.9693 -87.7279 41.9657 -87.69
12639 13192 41.9823 -87.668 41.9705 -87.6851
12929 13180 41.9359 -87.7146 41.9325 -87.7044
12610 13152 41.9676 -87.6982 41.9693 -87.7279
12624 12846 41.8983 -87.6763 41.9052 -87.6798
12623 12964 41.9332 -87.7038 41.9359 -87.7146
13014 13156 41.9823 -87.668 41.9834 -87.6613
12920 13085 41.8983 -87.6763 41.895 -87.6758
12964 13368 41.9359 -87.7146 41.9265 -87.6975
12674 13551 41.8394 -87.6439 41.874 -87.6312
12678 12957 42.0324 -87.7123 42.0272 -87.7165
12692 12906 41.9955 -87.7216 41.9995 -87.7134
12957 13221 42.0272 -87.7165 42.0377 -87.7158
12936 13390 41.9823 -87.668 41.9641 -87.661
12906 13404 41.9995 -87.7134 41.9765 -87.7031
12966 13520 41.9359 -87.7146 41.9111 -87.7166
13152 13765 41.9693 -87.7279 41.9678 -87.7711
12736 13185 41.9088 -87.6884 41.8983 -87.6763
12995 13652 42.0272 -87.7165 42.0154 -87.7421
12774 13193 41.9901 -87.6578 41.9823 -87.668
12824 13299 41.9504 -87.6894 41.9388 -87.6657
13299 13595 41.9388 -87.6657 41.9266 -87.6646
12836 13377 41.9776 -87.7021 41.9995 -87.7134
12846 13432 41.9052 -87.6798 41.8983 -87.6763
12900 13359 42.0099 -87.6744 42.0136 -87.6997
12866 13116 41.9955 -87.7182 41.9995 -87.7134
13114 13729 42.0099 -87.6744 42.0408 -87.6836
12893 13721 42.0407 -87.6851 42.0099 -87.6744
12908 13368 41.9504 -87.6851 41.9388 -87.6657
13116 13675 41.9995 -87.7134 41.9996 -87.741
12952 13078 41.9987 -87.7192 41.9995 -87.7134
13368 13803 41.9388 -87.6657 41.9459 -87.6881
12963 13557 42.0099 -87.6744 42.0385 -87.6851
12978 13304 41.9412 -87.7211 41.9359 -87.7146
12999 13570 42.0169 -87.7357 42.0272 -87.7165
13570 13813 42.0272 -87.7165 42.0365 -87.7158
13193 13706 41.9823 -87.668 41.9813 -87.6938
13270 13310 41.8983 -87.6763 41.8982 -87.6771
13085 13259 41.895 -87.6758 41.8983 -87.6763
13332 13880 41.9359 -87.7146 41.9357 -87.7394
13340 13531 41.9995 -87.7134 41.9945 -87.7068
13547 13857 41.8983 -87.6763 41.912 -87.6726
13129 13788 41.92 -87.7001 41.9359 -87.7146
13130 13748 42.0435 -87.6936 42.0272 -87.7165
13788 14148 41.9359 -87.7146 41.9282 -87.6991
13377 13792 41.9995 -87.7134 41.991 -87.697
13156 13341 41.9834 -87.6613 41.9823 -87.668
13163 13678 42.0307 -87.6986 42.0272 -87.7165
13168 13611 41.956 -87.6754 41.9388 -87.6657
13180 13483 41.9325 -87.7044 41.9359 -87.7146
13192 13774 41.9705 -87.6851 41.9823 -87.668
13194 13684 41.9771 -87.7112 41.9693 -87.7279
13644 14042 41.8983 -87.6763 41.9118 -87.686
13221 13526 42.0377 -87.7158 42.0272 -87.7165
13432 13865 41.8983 -87.6763 41.914 -87.6864
13292 13576 41.9003 -87.6881 41.8983 -87.6763
13308 13981 41.9639 -87.6839 41.9388 -87.6657
13310 13363 41.8982 -87.6771 41.8983 -87.6763
13538 13917 41.9359 -87.7146 41.9251 -87.7231
13320 14004 41.9595 -87.6905 41.9388 -87.6657
13449 13971 41.9823 -87.668 41.9795 -87.6955
13684 14009 41.9693 -87.7279 41.9597 -87.7168
13359 13897 42.0136 -87.6997 42.0099 -87.6744
13368 13979 41.9265 -87.6975 41.9359 -87.7146
13379 14307 41.9574 -87.7733 41.9693 -87.7279
13873 14083 42.0099 -87.6744 42.0122 -87.6855
13390 13867 41.9641 -87.661 41.9823 -87.668
13404 13996 41.9765 -87.7031 41.9995 -87.7134
13910 14100 41.9388 -87.6657 41.9296 -87.6655
13996 14437 41.9995 -87.7134 41.9831 -87.6999
13551 13960 41.8983 -87.6763 41.9152 -87.6864
13981 14545 41.9388 -87.6657 41.9548 -87.6909
13774 13931 41.9823 -87.668 41.9838 -87.6729
13488 13786 41.9122 -87.6394 41.9218 -87.6496
13483 13800 41.9915 -87.7189 41.9995 -87.7134
13800 14016 41.9995 -87.7134 42.0009 -87.7259
14004 14403 41.9388 -87.6657 41.9527 -87.6559
13867 13970 41.9823 -87.668 41.9836 -87.6623
13520 14146 41.9111 -87.7166 41.9359 -87.7146
13531 13762 41.9945 -87.7068 41.9995 -87.7134
14307 14840 41.9693 -87.7279 41.976 -87.759
13979 14298 41.9359 -87.7146 41.9287 -87.7008
14146 14420 41.9359 -87.7146 41.9256 -87.7133
13557 14153 42.0385 -87.6851 42.0099 -87.6744
13558 14000 41.9638 -87.6624 41.9823 -87.668
14021 14133 41.8983 -87.6763 41.9017 -87.6748
14000 14335 41.9823 -87.668 41.9666 -87.6673
13595 13894 41.9266 -87.6646 41.9388 -87.6657
13894 14302 41.9388 -87.6657 41.9199 -87.6572
13648 14479 41.9657 -87.69 41.9693 -87.7279
14326 14680 41.9995 -87.7134 41.9874 -87.7042
13652 14309 42.0154 -87.7421 42.0272 -87.7165
14032 14791 41.874 -87.6312 41.8472 -87.6181
13742 14054 42.0099 -87.6744 42.0004 -87.6815
13675 14324 41.9996 -87.741 41.9995 -87.7134
13831 14242 42.0272 -87.7165 42.0317 -87.6942
14479 14736 41.9693 -87.7279 41.9651 -87.7157
13706 14362 41.9813 -87.6938 41.9823 -87.668
13729 14393 42.0408 -87.6836 42.0099 -87.6744
14324 14717 41.9995 -87.7134 41.9858 -87.7029
13765 14384 41.9678 -87.7711 41.9693 -87.7279
14384 14742 41.9693 -87.7279 41.9717 -87.7483
13796 14129 42.0272 -87.7165 42.0421 -87.7141
13786 14144 41.9218 -87.6496 41.9122 -87.6394
13792 14259 41.991 -87.697 41.9995 -87.7134
13803 14267 41.9459 -87.6881 41.9388 -87.6657
13965 14727 42.0272 -87.7165 42.0516 -87.7351
13813 14283 42.0365 -87.7158 42.0272 -87.7165
14362 14888 41.9823 -87.668 41.9687 -87.6855
14302 14540 42.0099 -87.6744 42.0063 -87.6868
13857 14179 41.912 -87.6726 41.8983 -87.6763
14259 14447 41.9995 -87.7134 41.9952 -87.7215
13865 14305 41.914 -87.6864 41.8983 -87.6763
13880 14553 41.9357 -87.7394 41.9359 -87.7146
14246 14760 41.8983 -87.6763 41.9149 -87.6891
14550 14900 41.9388 -87.6657 41.9404 -87.6845
13917 14320 41.9251 -87.7231 41.9359 -87.7146
14320 14856 41.9359 -87.7146 41.9423 -87.744
13931 14149 41.9838 -87.6729 41.9823 -87.668
13932 14693 41.9714 -87.6903 41.9693 -87.7279
14693 14897 41.9693 -87.7279 41.9618 -87.7229
13960 14444 41.9152 -87.6864 41.8983 -87.6763
14553 15019 41.9359 -87.7146 41.9165 -87.7151
13970 14180 41.9836 -87.6623 41.9823 -87.668
13971 14563 41.9795 -87.6955 41.9823 -87.668
14305 14797 41.8983 -87.6763 41.911 -87.6909
14283 14826 42.0272 -87.7165 42.0403 -87.6931
14009 14335 41.9597 -87.7168 41.9693 -87.7279
14335 15057 41.9693 -87.7279 41.9569 -87.7642
14016 14475 42.0009 -87.7259 41.9995 -87.7134
14042 14481 41.9118 -87.686 41.8983 -87.6763
14054 14461 42.0004 -87.6815 42.0099 -87.6744
14813 15458 41.9995 -87.7134 41.9915 -87.7441
14083 14304 42.0122 -87.6855 42.0099 -87.6744
14100 14374 41.9296 -87.6655 41.9388 -87.6657
14444 14609 41.8983 -87.6763 41.895 -87.6758
14129 14480 42.0421 -87.7141 42.0272 -87.7165
14133 14260 41.9017 -87.6748 41.8983 -87.6763
14148 14518 41.9282 -87.6991 41.9359 -87.7146
14548 15312 42.0272 -87.7165 42.0528 -87.7336
14189 14599 41.9823 -87.668 41.9768 -87.6882
14602 14736 41.8983 -87.6763 41.9001 -87.6821
14518 14881 41.9359 -87.7146 41.9455 -87.7264
14242 14728 42.0317 -87.6942 42.0272 -87.7165
14469 14641 41.9388 -87.6657 41.9326 -87.6581
14298 14717 41.9287 -87.7008 41.9359 -87.7146
14302 14713 41.9199 -87.6572 41.9388 -87.6657
14507 14679 41.8983 -87.6763 41.8908 -87.678
14713 15117 41.9388 -87.6657 41.9484 -87.6858
14335 14674 41.9666 -87.6673 41.9823 -87.668
15141 15629 41.9359 -87.7146 41.953 -87.7007
14403 14859 41.9527 -87.6559 41.9388 -87.6657
14420 14753 41.9256 -87.7133 41.9359 -87.7146
14437 14957 41.9831 -87.6999 41.9995 -87.7134
14859 15132 41.9388 -87.6657 41.9328 -87.6753
14447 14673 41.9952 -87.7215 41.9995 -87.7134
14905 15415 41.9823 -87.668 41.9786 -87.698
14563 14739 41.9823 -87.668 41.9752 -87.6691
14753 14964 41.9359 -87.7146 41.9415 -87.7162
14540 14797 42.0063 -87.6868 42.0099 -87.6744
14545 15284 41.9548 -87.6909 41.9388 -87.6657
15284 15641 41.9388 -87.6657 41.9538 -87.6785
14599 15049 41.9768 -87.6882 41.9823 -87.668
14609 14788 41.895 -87.6758 41.8983 -87.6763
14641 14849 41.9326 -87.6581 41.9388 -87.6657
14687 15168 41.9995 -87.7134 41.9774 -87.7033
14679 14854 41.8908 -87.678 41.8983 -87.6763
14680 15068 41.9874 -87.7042 41.9995 -87.7134
14785 15072 41.9823 -87.668 41.9743 -87.6727
14717 15158 41.9858 -87.7029 41.9995 -87.7134
14727 15563 42.0516 -87.7351 42.0272 -87.7165
15073 15578 42.0272 -87.7165 42.0392 -87.6946
14736 15052 41.9001 -87.6821 41.8983 -87.6763
14736 15104 41.9651 -87.7157 41.9693 -87.7279
14739 14930 41.9752 -87.6691 41.9823 -87.668
14742 15190 41.9717 -87.7483 41.9693 -87.7279
15104 15618 41.9693 -87.7279 41.979 -87.7509
14760 15280 41.9149 -87.6891 41.8983 -87.6763
15064 15611 42.0272 -87.7165 42.0149 -87.7333
14791 15610 41.8472 -87.6181 41.874 -87.6312
15190 15926 41.9693 -87.7279 41.9685 -87.779
14797 15349 41.911 -87.6909 41.8983 -87.6763
14965 15223 41.9388 -87.6657 41.9515 -87.6658
15127 15234 41.8983 -87.6763 41.8996 -87.6723
14826 15374 42.0403 -87.6931 42.0272 -87.7165
14840 15498 41.976 -87.759 41.9693 -87.7279
14875 15161 41.8983 -87.6763 41.8934 -87.6643
14930 15156 41.9823 -87.668 41.9744 -87.6702
14856 15395 41.9423 -87.744 41.9359 -87.7146
14957 15265 41.9995 -87.7134 41.9975 -87.7001
15498 16385 41.9693 -87.7279 41.9939 -87.7565
15395 15701 41.9359 -87.7146 41.9438 -87.7194
14881 15374 41.9455 -87.7264 41.9359 -87.7146
14888 15467 41.9687 -87.6855 41.9823 -87.668
14897 15157 41.9618 -87.7229 41.9693 -87.7279
15098 15443 41.9995 -87.7134 41.9924 -87.7289
14900 15307 41.9404 -87.6845 41.9388 -87.6657
15307 15602 41.9388 -87.6657 41.947 -87.6563
15374 16116 41.9359 -87.7146 41.946 -87.7583
15158 15716 41.9693 -87.7279 41.9672 -87.7662
14964 15234 41.9415 -87.7162 41.9359 -87.7146
15234 15358 41.9359 -87.7146 41.9348 -87.71
15019 15501 41.9165 -87.7151 41.9359 -87.7146
15158 15627 41.9995 -87.7134 41.9822 -87.7101
15374 15944 42.0272 -87.7165 42.0146 -87.7346
15057 15832 41.9569 -87.7642 41.9693 -87.7279
15072 15369 41.9743 -87.6727 41.9823 -87.668
15563 15809 42.0272 -87.7165 42.0304 -87.7257
15117 15611 41.9484 -87.6858 41.9388 -87.6657
15832 16086 41.9693 -87.7279 41.9617 -87.7193
15132 15742 41.9328 -87.6753 41.9388 -87.6657
15611 16142 41.9388 -87.6657 41.9531 -87.6903
15501 15768 41.9359 -87.7146 41.9334 -87.7234
15156 15509 41.9744 -87.6702 41.9823 -87.668
15161 15613 41.8934 -87.6643 41.8983 -87.6763
15168 15681 41.9774 -87.7033 41.9995 -87.7134
15530 15659 41.8983 -87.6763 41.8932 -87.6759
15223 15579 41.9515 -87.6658 41.9388 -87.6657
15234 15447 41.8996 -87.6723 41.8983 -87.6763
15579 15886 41.9388 -87.6657 41.9378 -87.6791
15319 15596 41.8983 -87.6763 41.891 -87.6681
15265 15618 41.9975 -87.7001 41.9995 -87.7134
16207 16773 42.0099 -87.6744 42.0392 -87.6821
15312 16125 42.0528 -87.7336 42.0272 -87.7165
15410 15906 41.9823 -87.668 41.9804 -87.6946
15358 15496 41.9348 -87.71 41.9359 -87.7146
15601 15902 41.9359 -87.7146 41.9251 -87.7146
15415 15995 41.9786 -87.698 41.9823 -87.668
15855 16038 41.9995 -87.7134 41.9968 -87.7045
15471 15795 41.9823 -87.668 41.9765 -87.6819
15799 16095 41.9995 -87.7134 41.9893 -87.7069
15443 15862 41.9924 -87.7289 41.9995 -87.7134
15458 16233 41.9915 -87.7441 41.9995 -87.7134
15742 16033 41.9388 -87.6657 41.949 -87.6589
15862 16273 41.9995 -87.7134 41.9804 -87.7137
15673 15847 41.9823 -87.668 41.9816 -87.6709
15887 16118 41.8983 -87.6763 41.9088 -87.6778
15890 16378 41.9823 -87.668 41.9614 -87.6724
15578 16111 42.0392 -87.6946 42.0272 -87.7165
15596 15930 41.891 -87.6681 41.8983 -87.6763
15995 16355 41.9823 -87.668 41.9727 -87.6793
15908 16347 42.0099 -87.6744 41.9971 -87.6556
15602 15957 41.947 -87.6563 41.9388 -87.6657
15611 16179 42.0149 -87.7333 42.0272 -87.7165
15618 16154 41.979 -87.7509 41.9693 -87.7279
16154 16308 41.9693 -87.7279 41.9656 -87.7216
15627 16171 41.9822 -87.7101 41.9995 -87.7134
15957 16401 41.9388 -87.6657 41.9541 -87.6829
15629 16120 41.953 -87.7007 41.9359 -87.7146
15641 16010 41.9538 -87.6785 41.9388 -87.6657
15659 15824 41.8932 -87.6759 41.8983 -87.6763
16120 16876 41.9359 -87.7146 41.947 -87.7533
15701 16017 41.9438 -87.7194 41.9359 -87.7146
15716 16304 41.9672 -87.7662 41.9693 -87.7279
16111 16437 42.0272 -87.7165 42.0174 -87.7063
15939 16558 41.8983 -87.6763 41.8903 -87.7044
16125 16523 42.0272 -87.7165 42.0211 -87.7029
15768 16086 41.9334 -87.7234 41.9359 -87.7146
15795 16198 41.9765 -87.6819 41.9823 -87.668
16304 16830 41.9693 -87.7279 41.9697 -87.692
15809 16098 42.0304 -87.7257 42.0272 -87.7165
16385 16723 42.0099 -87.6744 42.0159 -87.6914
15847 16043 41.9816 -87.6709 41.9823 -87.668
16043 16602 41.9823 -87.668 41.9677 -87.6867
15886 16287 41.9378 -87.6791 41.9388 -87.6657
16118 16286 41.9359 -87.7146 41.9375 -87.7096
16086 16454 41.9359 -87.7146 41.9483 -87.703
15902 16284 41.9251 -87.7146 41.9359 -87.7146
15906 16426 41.9804 -87.6946 41.9823 -87.668
16211 16649 41.9823 -87.668 41.9731 -87.6857
15926 16761 41.9685 -87.779 41.9693 -87.7279
16426 16623 41.9823 -87.668 41.9754 -87.6635
15944 16522 42.0146 -87.7346 42.0272 -87.7165
16410 16682 41.9995 -87.7134 41.9871 -87.7151
16233 16864 41.9995 -87.7134 41.9887 -87.742
16765 16880 41.9122 -87.6394 41.9168 -87.64
16033 16369 41.949 -87.6589 41.9388 -87.6657
16038 16235 41.9968 -87.7045 41.9995 -87.7134
16060 16352 41.9388 -87.6657 41.9276 -87.6722
16135 16712 41.8983 -87.6763 41.8764 -87.6854
16177 16522 41.8983 -87.6763 41.908 -87.6871
16761 17132 41.9693 -87.7279 41.9536 -87.7328
16287 16598 41.9388 -87.6657 41.9232 -87.6667
16077 16373 41.8983 -87.6763 41.9106 -87.6717
16369 16551 41.9388 -87.6657 41.9316 -87.6599
16086 16366 41.9617 -87.7193 41.9693 -87.7279
16095 16409 41.9893 -87.7069 41.9995 -87.7134
16116 16891 41.946 -87.7583 41.9359 -87.7146
16118 16382 41.9088 -87.6778 41.8983 -87.6763
16685 16973 41.9693 -87.7279 41.9567 -87.7277
16142 16722 41.9531 -87.6903 41.9388 -87.6657
16309 16464 41.9359 -87.7146 41.9349 -87.7075
16891 17228 41.9359 -87.7146 41.9274 -87.7011
16503 16852 42.0272 -87.7165 42.0217 -87.7256
16722 16837 41.9388 -87.6657 41.9425 -87.6646
16317 16728 41.9995 -87.7134 41.9804 -87.7137
16382 16752 41.8983 -87.6763 41.9079 -87.664
16273 16932 41.9804 -87.7137 41.9995 -87.7134
16447 16803 42.0099 -87.6744 42.0068 -87.6933
16286 16483 41.9375 -87.7096 41.9359 -87.7146
16308 16462 41.9656 -87.7216 41.9693 -87.7279
16409 16975 41.9995 -87.7134 41.9946 -87.7444
16656 17090 41.9359 -87.7146 41.9182 -87.716
16347 16842 41.9971 -87.6556 42.0099 -87.6744
16352 16690 41.9276 -87.6722 41.9388 -87.6657
16355 16740 41.9727 -87.6793 41.9823 -87.668
16373 16686 41.9106 -87.6717 41.8983 -87.6763
16378 16938 41.9614 -87.6724 41.9823 -87.668
16385 17365 41.9939 -87.7565 41.9693 -87.7279
16932 17206 41.9995 -87.7134 41.9919 -87.7043
16401 16880 41.9541 -87.6829 41.9388 -87.6657
16740 17037 41.9823 -87.668 41.9751 -87.6779
16437 16771 42.0174 -87.7063 42.0272 -87.7165
16454 16940 41.9483 -87.703 41.9359 -87.7146
16464 16705 41.9349 -87.7075 41.9359 -87.7146
16754 16964 41.9693 -87.7279 41.9615 -87.7242
16714 17097 41.9359 -87.7146 41.9353 -87.7284
16686 16795 41.8983 -87.6763 41.8941 -87.6762
16522 16946 41.908 -87.6871 41.8983 -87.6763
16523 16989 42.0211 -87.7029 42.0272 -87.7165
16938 17157 41.9823 -87.668 41.9893 -87.6716
16940 17451 41.9359 -87.7146 41.9155 -87.7017
17365 17571 41.9693 -87.7279 41.9696 -87.7158
16551 16800 41.9316 -87.6599 41.9388 -87.6657
16558 17202 41.8903 -87.7044 41.8983 -87.6763
16598 16996 41.9232 -87.6667 41.9388 -87.6657
16602 17395 41.9677 -87.6867 41.9823 -87.668
16623 16887 41.9754 -87.6635 41.9823 -87.668
16649 17117 41.9731 -87.6857 41.9823 -87.668
16745 17048 41.9388 -87.6657 41.9272 -87.6526
16682 17053 41.9871 -87.7151 41.9995 -87.7134
16696 17358 42.0272 -87.7165 42.0413 -87.6871
16823 17072 42.0272 -87.7165 42.0275 -87.7008
16712 17346 41.8764 -87.6854 41.8983 -87.6763
16723 17074 42.0159 -87.6914 42.0099 -87.6744
16728 17154 41.9804 -87.7137 41.9995 -87.7134
16752 17134 41.9079 -87.664 41.8983 -87.6763
16946 17075 41.8983 -87.6763 41.8932 -87.6759
16773 17410 42.0392 -87.6821 42.0099 -87.6744
16795 16924 41.8941 -87.6762 41.8983 -87.6763
16803 17166 42.0068 -87.6933 42.0099 -87.6744
17160 17858 41.8983 -87.6763 41.8769 -87.6973
16830 17381 41.9697 -87.692 41.9693 -87.7279
17134 17298 41.8983 -87.6763 41.8932 -87.6734
17381 17520 41.9693 -87.7279 41.9675 -87.7317
16837 17014 41.9425 -87.6646 41.9388 -87.6657
16852 17234 42.0217 -87.7256 42.0272 -87.7165
16864 17519 41.9887 -87.742 41.9995 -87.7134
17202 17820 41.8983 -87.6763 41.9107 -87.7034
16876 17751 41.947 -87.7533 41.9359 -87.7146
16980 17207 41.9388 -87.6657 41.9274 -87.6634
16880 17116 41.9168 -87.64 41.9122 -87.6394
17009 17232 41.9388 -87.6657 41.9341 -87.676
17001 17118 41.9388 -87.6657 41.9425 -87.6648
17018 17507 41.9823 -87.668 41.9613 -87.6724
17346 17690 41.8983 -87.6763 41.9104 -87.684
17014 17323 42.0272 -87.7165 42.0292 -87.7305
16964 17354 41.9615 -87.7242 41.9693 -87.7279
17075 17403 42.0099 -87.6744 42.0159 -87.6906
17053 17710 41.9995 -87.7134 41.9922 -87.745
16973 17342 41.9567 -87.7277 41.9693 -87.7279
16975 17593 41.9946 -87.7444 41.9995 -87.7134
17342 17972 41.9693 -87.7279 41.976 -87.763
17751 18341 41.9359 -87.7146 41.9126 -87.7057
17155 17646 41.9995 -87.7134 41.992 -87.7349
17037 17342 41.9751 -87.6779 41.9823 -87.668
17354 17547 41.9693 -87.7279 41.9736 -87.7366
17048 17468 41.9272 -87.6526 41.9388 -87.6657
17117 17407 41.9823 -87.668 41.9958 -87.6653
17072 17405 42.0275 -87.7008 42.0272 -87.7165
17075 17295 41.8932 -87.6759 41.8983 -87.6763
17342 17500 41.9823 -87.668 41.9811 -87.6722
17090 17643 41.9182 -87.716 41.9359 -87.7146
17097 17480 41.9353 -87.7284 41.9359 -87.7146
17118 17279 41.9425 -87.6648 41.9388 -87.6657
17483 17856 42.0099 -87.6744 42.015 -87.6924
17132 17509 41.9536 -87.7328 41.9693 -87.7279
17480 17669 41.9359 -87.7146 41.9359 -87.7045
17395 17982 41.9823 -87.668 41.966 -87.6816
17284 17691 41.9388 -87.6657 41.9549 -87.669
17509 17929 41.9693 -87.7279 41.9796 -87.7137
17637 18296 41.9995 -87.7134 42.013 -87.7394
17157 17433 41.9893 -87.6716 41.9823 -87.668
17593 17767 41.9995 -87.7134 42.002 -87.7215
17295 17714 41.8983 -87.6763 41.9163 -87.6866
17206 17490 41.9919 -87.7043 41.9995 -87.7134
17207 17485 41.9274 -87.6634 41.9388 -87.6657
17228 17788 41.9274 -87.7011 41.9359 -87.7146
17693 18087 41.9359 -87.7146 41.9432 -87.7321
17232 17488 41.9341 -87.676 41.9388 -87.6657
17331 17427 41.9388 -87.6657 41.9397 -87.6706
17490 17818 41.9995 -87.7134 41.9925 -87.7019
17468 17654 41.9388 -87.6657 41.9333 -87.6719
17433 17819 41.9823 -87.668 41.9915 -87.6799
17298 17612 41.8932 -87.6734 41.8983 -87.6763
17485 17873 41.9388 -87.6657 41.9481 -87.6847
17323 17790 42.0292 -87.7305 42.0272 -87.7165
17529 17897 41.9388 -87.6657 41.9213 -87.6583
17612 17956 41.8983 -87.6763 41.9061 -87.6896
17788 18277 41.9359 -87.7146 41.9252 -87.6938
17358 18107 42.0413 -87.6871 42.0272 -87.7165
17403 17767 42.0159 -87.6906 42.0099 -87.6744
17407 17697 41.9958 -87.6653 41.9823 -87.668
17427 17528 41.9397 -87.6706 41.9388 -87.6657
17528 17939 41.9388 -87.6657 41.9589 -87.6654
17451 18028 41.9155 -87.7017 41.9359 -87.7146
18028 18624 41.9359 -87.7146 41.9147 -87.6981
17470 17762 42.0272 -87.7165 42.0291 -87.7293
17500 17926 41.9811 -87.6722 41.9823 -87.668
17507 18016 41.9613 -87.6724 41.9823 -87.668
17520 17801 41.9675 -87.7317 41.9693 -87.7279
17547 17772 41.9736 -87.7366 41.9693 -87.7279
17772 18021 41.9693 -87.7279 41.9639 -87.7169
17571 17811 41.9696 -87.7158 41.9693 -87.7279
17649 17885 42.0099 -87.6744 42.0099 -87.6876
18190 18582 41.9693 -87.7279 41.9798 -87.7161
17646 18212 41.992 -87.7349 41.9995 -87.7134
17654 17854 41.9333 -87.6719 41.9388 -87.6657
18212 18390 41.9995 -87.7134 42.0007 -87.7083
17732 18500 41.874 -87.6312 41.8411 -87.6359
17811 17994 41.9693 -87.7279 41.9657 -87.7367
17669 17920 41.9359 -87.7045 41.9359 -87.7146
17690 18096 41.9104 -87.684 41.8983 -87.6763
17691 18121 41.9549 -87.669 41.9388 -87.6657
17710 18378 41.9922 -87.745 41.9995 -87.7134
17714 18164 41.9163 -87.6866 41.8983 -87.6763
18071 18170 41.9823 -87.668 41.9843 -87.6636
17920 18732 41.9359 -87.7146 41.9426 -87.7642
17762 18078 42.0291 -87.7293 42.0272 -87.7165
17767 17990 42.002 -87.7215 41.9995 -87.7134
18096 18307 41.8983 -87.6763 41.9003 -87.6855
17914 18114 41.9388 -87.6657 41.9351 -87.6755
17818 18257 41.9925 -87.7019 41.9995 -87.7134
17819 18255 41.9915 -87.6799 41.9823 -87.668
17820 18481 41.9107 -87.7034 41.8983 -87.6763
17926 18279 41.9823 -87.668 41.972 -87.6778
18121 18532 41.9388 -87.6657 41.957 -87.6747
17856 18287 42.015 -87.6924 42.0099 -87.6744
17858 18573 41.8769 -87.6973 41.8983 -87.6763
18289 18568 42.0099 -87.6744 42.0114 -87.6908
17873 18310 41.9481 -87.6847 41.9388 -87.6657
18563 19032 41.9388 -87.6657 41.955 -87.6829
17885 18174 42.0099 -87.6876 42.0099 -87.6744
17897 18310 41.9213 -87.6583 41.9388 -87.6657
18002 18348 42.0099 -87.6744 42.0181 -87.689
17929 18357 41.9796 -87.7137 41.9693 -87.7279
18024 18149 41.9823 -87.668 41.9851 -87.6695
18318 18974 41.9388 -87.6657 41.9576 -87.6934
17939 18367 41.9589 -87.6654 41.9388 -87.6657
17956 18315 41.9061 -87.6896 41.8983 -87.6763
18192 18593 42.0272 -87.7165 42.0308 -87.6957
17972 18620 41.976 -87.763 41.9693 -87.7279
17982 18603 41.966 -87.6816 41.9823 -87.668
17994 18233 41.9657 -87.7367 41.9693 -87.7279
18233 18808 41.9693 -87.7279 41.9719 -87.6924
18015 18639 42.0272 -87.7165 42.045 -87.6977
18021 18275 41.9639 -87.7169 41.9693 -87.7279
18275 18639 41.9693 -87.7279 41.9743 -87.7492
18164 18576 41.8983 -87.6763 41.9089 -87.6909
18101 18899 41.9995 -87.7134 41.9998 -87.7587
18146 18511 42.0099 -87.6744 42.0167 -87.6875
18087 18552 41.9432 -87.7321 41.9359 -87.7146
18255 18740 41.9823 -87.668 41.9713 -87.6817
18114 18336 41.9351 -87.6755 41.9388 -87.6657
18336 18469 41.9388 -87.6657 41.9425 -87.666
18315 18490 41.8983 -87.6763 41.8931 -87.6814
18149 18457 41.9851 -87.6695 41.9823 -87.668
18170 18287 41.9843 -87.6636 41.9823 -87.668
18481 18815 41.8983 -87.6763 41.913 -87.6751
18566 18876 41.9693 -87.7279 41.9641 -87.7399
18608 18800 41.9388 -87.6657 41.9435 -87.6587
18573 19070 41.8983 -87.6763 41.9135 -87.691
18620 18983 41.9693 -87.7279 41.9656 -87.7105
18552 18964 41.9359 -87.7146 41.9299 -87.6951
18277 18818 41.9252 -87.6938 41.9359 -87.7146
18279 18778 41.972 -87.6778 41.9823 -87.668
18818 18983 41.9359 -87.7146 41.9381 -87.7186
18471 19036 41.9995 -87.7134 41.9843 -87.7223
18296 18981 42.013 -87.7394 41.9995 -87.7134
18307 18589 41.9003 -87.6855 41.8983 -87.6763
18341 18975 41.9126 -87.7057 41.9359 -87.7146
18348 18708 42.0181 -87.689 42.0099 -87.6744
18507 19072 41.9995 -87.7134 42.0117 -87.7355
18390 18568 42.0007 -87.7083 41.9995 -87.7134
18539 19350 42.0272 -87.7165 42.0634 -87.705
18979 19608 41.9995 -87.7134 41.9842 -87.744
18975 19741 41.9359 -87.7146 41.9423 -87.7612
18469 18698 41.9425 -87.666 41.9388 -87.6657
18698 18932 41.9388 -87.6657 41.9462 -87.6687
18490 18766 41.8931 -87.6814 41.8983 -87.6763
18981 19542 41.9995 -87.7134 41.9966 -87.7435
18500 19290 41.8411 -87.6359 41.874 -87.6312
18511 18936 42.0167 -87.6875 42.0099 -87.6744
18962 19280 42.0272 -87.7165 42.0317 -87.7291
18532 18953 41.957 -87.6747 41.9388 -87.6657
18668 19011 42.0272 -87.7165 42.0375 -87.7231
18702 19119 41.8983 -87.6763 41.9183 -87.6782
18766 18879 41.8983 -87.6763 41.8992 -87.6747
18568 18882 42.0114 -87.6908 42.0099 -87.6744
18576 19029 41.9089 -87.6909 41.8983 -87.6763
18582 19072 41.9798 -87.7161 41.9693 -87.7279
18593 19062 42.0308 -87.6957 42.0272 -87.7165
18624 19220 41.9147 -87.6981 41.9359 -87.7146
19220 19725 41.9359 -87.7146 41.926 -87.6938
18639 19059 41.9743 -87.7492 41.9693 -87.7279
18639 19373 42.045 -87.6977 42.0272 -87.7165
18732 19641 41.9426 -87.7642 41.9359 -87.7146
19146 19543 41.8983 -87.6763 41.916 -87.6745
18740 19298 41.9713 -87.6817 41.9823 -87.668
19059 19562 41.9693 -87.7279 41.962 -87.6973
19072 19692 41.9693 -87.7279 41.9757 -87.7655
18953 19296 41.9388 -87.6657 41.9514 -87.6784
18800 19028 41.9435 -87.6587 41.9388 -87.6657
18808 19515 41.9719 -87.6924 41.9693 -87.7279
18815 19156 41.913 -87.6751 41.8983 -87.6763
18904 19372 41.9823 -87.668 41.9624 -87.6724
19028 19334 41.9388 -87.6657 41.9501 -87.6592
18876 19335 41.9641 -87.7399 41.9693 -87.7279
18879 19088 41.8992 -87.6747 41.8983 -87.6763
19641 19996 41.9359 -87.7146 41.9262 -87.7158
18899 19718 41.9998 -87.7587 41.9995 -87.7134
18987 19388 42.0099 -87.6744 42.023 -87.6833
18932 19168 41.9462 -87.6687 41.9388 -87.6657
19086 19872 42.0272 -87.7165 42.0604 -87.7004
19114 19661 41.9823 -87.668 41.972 -87.6907
19117 19667 41.9823 -87.668 41.9822 -87.6962
19130 19315 41.8983 -87.6763 41.9029 -87.6821
18964 19405 41.9299 -87.6951 41.9359 -87.7146
18974 19659 41.9576 -87.6934 41.9388 -87.6657
19373 19857 42.0272 -87.7165 42.0398 -87.7278
19335 19897 41.9693 -87.7279 41.9634 -87.754
18983 19232 41.9381 -87.7186 41.9359 -87.7146
18983 19407 41.9656 -87.7105 41.9693 -87.7279
19407 20254 41.9693 -87.7279 41.953 -87.7676
19011 19398 42.0375 -87.7231 42.0272 -87.7165
19718 20100 41.9995 -87.7134 41.9836 -87.7052
19032 19718 41.955 -87.6829 41.9388 -87.6657
19036 19602 41.9843 -87.7223 41.9995 -87.7134
19109 19535 41.9823 -87.668 41.9688 -87.6781
19070 19618 41.9135 -87.691 41.8983 -87.6763
19072 19673 42.0117 -87.7355 41.9995 -87.7134
19184 19428 41.9388 -87.6657 41.929 -87.6575
19515 20110 41.9693 -87.7279 41.9678 -87.7697
19119 19554 41.9183 -87.6782 41.8983 -87.6763
19659 19786 41.9388 -87.6657 41.938 -87.6584
19602 19733 41.9995 -87.7134 42.0043 -87.7154
19221 19407 41.8983 -87.6763 41.8949 -87.6847
19293 19577 41.9359 -87.7146 41.9247 -87.7127
19405 19777 41.9359 -87.7146 41.9226 -87.7104
19554 19707 41.8983 -87.6763 41.8978 -87.6733
19718 19900 41.9388 -87.6657 41.9435 -87.6594
19618 19917 41.8983 -87.6763 41.9111 -87.675
19298 19497 41.9823 -87.668 41.9881 -87.6615
19286 19642 42.0099 -87.6744 42.0168 -87.6915
19280 19603 42.0317 -87.7291 42.0272 -87.7165
19296 19649 41.9514 -87.6784 41.9388 -87.6657
19315 19549 41.9029 -87.6821 41.8983 -87.6763
19549 19795 41.8983 -87.6763 41.8907 -87.6834
19334 19654 41.9501 -87.6592 41.9388 -87.6657
19350 20218 42.0634 -87.705 42.0272 -87.7165
19372 20053 41.9624 -87.6724 41.9823 -87.668
19388 19879 42.023 -87.6833 42.0099 -87.6744
19673 20366 41.9995 -87.7134 41.9904 -87.7459
19407 19692 41.8949 -87.6847 41.8983 -87.6763
19416 19754 42.0099 -87.6744 41.9931 -87.676
19428 19833 41.929 -87.6575 41.9388 -87.6657
19847 20410 41.8983 -87.6763 41.8747 -87.685
19497 19702 41.9881 -87.6615 41.9823 -87.668
19702 19944 41.9823 -87.668 41.9726 -87.6639
19624 19955 42.0272 -87.7165 42.0396 -87.7194
19535 19970 41.9688 -87.6781 41.9823 -87.668
19542 20104 41.9966 -87.7435 41.9995 -87.7134
19543 19976 41.916 -87.6745 41.8983 -87.6763
19562 20257 41.962 -87.6973 41.9693 -87.7279
20114 20528 41.9995 -87.7134 41.9839 -87.7187
19577 20007 41.9247 -87.7127 41.9359 -87.7146
19670 20046 42.0272 -87.7165 42.0218 -87.7007
19608 20299 41.9842 -87.744 41.9995 -87.7134
19677 20167 41.9388 -87.6657 41.9522 -87.6895
19683 19987 41.9388 -87.6657 41.9535 -87.6642
19642 20055 42.0168 -87.6915 42.0099 -87.6744
19661 20399 41.972 -87.6907 41.9823 -87.668
19667 20250 41.9822 -87.6962 41.9823 -87.668
19692 20365 41.9757 -87.7655 41.9693 -87.7279
20283 20514 41.8983 -87.6763 41.9048 -87.6819
20257 20943 41.9693 -87.7279 41.9587 -87.7641
19707 19872 41.8978 -87.6733 41.8983 -87.6763
19833 20139 41.9388 -87.6657 41.9498 -87.6725
20218 20599 42.0272 -87.7165 42.0202 -87.701
20299 20654 41.9995 -87.7134 42.0075 -87.7041
19725 20359 41.926 -87.6938 41.9359 -87.7146
20365 20621 41.9693 -87.7279 41.9704 -87.7416
19733 19930 42.0043 -87.7154 41.9995 -87.7134
19741 20559 41.9423 -87.7612 41.9359 -87.7146
19754 20123 41.9931 -87.676 42.0099 -87.6744
19777 20188 41.9226 -87.7104 41.9359 -87.7146
19786 19958 41.938 -87.6584 41.9388 -87.6657
19872 20490 41.8983 -87.6763 41.9107 -87.7034
19795 20183 41.8907 -87.6834 41.8983 -87.6763
20007 20583 41.9359 -87.7146 41.915 -87.7004
19970 20274 41.9823 -87.668 41.9758 -87.6794
19857 20412 42.0398 -87.7278 42.0272 -87.7165
19872 20729 42.0604 -87.7004 42.0272 -87.7165
20183 20491 41.8983 -87.6763 41.8962 -87.6621
20412 20872 42.0272 -87.7165 42.0468 -87.7108
19897 20554 41.9634 -87.754 41.9693 -87.7279
19900 20107 41.9435 -87.6594 41.9388 -87.6657
19917 20253 41.9111 -87.675 41.8983 -87.6763
20188 20455 41.9359 -87.7146 41.9325 -87.7026
20041 20242 41.9388 -87.6657 41.9359 -87.6769
20023 20251 41.9995 -87.7134 42.0016 -87.7058
19944 20292 41.9726 -87.6639 41.9823 -87.668
19955 20290 42.0396 -87.7194 42.0272 -87.7165
20292 20589 41.8983 -87.6763 41.9112 -87.6726
20296 20651 42.0272 -87.7165 42.023 -87.7295
20204 20789 41.9388 -87.6657 41.9595 -87.6906
19987 20335 41.9535 -87.6642 41.9388 -87.6657
19996 20408 41.9262 -87.7158 41.9359 -87.7146
20554 20946 41.9693 -87.7279 41.9636 -87.7108
20046 20433 42.0218 -87.7007 42.0272 -87.7165
20433 20718 42.0272 -87.7165 42.0398 -87.7145
20335 20727 41.9388 -87.6657 41.9552 -87.6756
20359 20709 41.9359 -87.7146 41.9282 -87.7251
20100 20501 41.9836 -87.7052 41.9995 -87.7134
20110 20813 41.9678 -87.7697 41.9693 -87.7279
20813 21563 41.9693 -87.7279 41.9549 -87.7572
20139 20523 41.9498 -87.6725 41.9388 -87.6657
20729 20962 42.0272 -87.7165 42.0336 -87.7188
20167 20698 41.9522 -87.6895 41.9388 -87.6657
21447 21660 41.9359 -87.7146 41.9354 -87.7026
20501 20799 41.9995 -87.7134 41.9959 -87.702
20559 20854 41.9359 -87.7146 41.9267 -87.7035
20242 20625 41.9359 -87.6769 41.9388 -87.6657
20251 20571 42.0016 -87.7058 41.9995 -87.7134
20254 21136 41.953 -87.7676 41.9693 -87.7279
20274 20595 41.9758 -87.6794 41.9823 -87.668
21136 21759 41.9693 -87.7279 41.9775 -87.7642
20571 20953 41.9995 -87.7134 41.982 -87.7137
20387 20808 41.9823 -87.668 41.973 -87.6842
20366 21121 41.9904 -87.7459 41.9995 -87.7134
20410 20983 41.8747 -87.685 41.8983 -87.6763
20455 20734 41.9325 -87.7026 41.9359 -87.7146
21121 21521 41.9995 -87.7134 41.9864 -87.7017
20798 21499 41.9359 -87.7146 41.947 -87.7478
20490 21149 41.9107 -87.7034 41.8983 -87.6763
20491 20898 41.8962 -87.6621 41.8983 -87.6763
20898 21214 41.8983 -87.6763 41.899 -87.6586
20514 20813 41.9048 -87.6819 41.8983 -87.6763
20528 21046 41.9839 -87.7187 41.9995 -87.7134
20544 21000 41.9823 -87.668 41.9749 -87.6913
21046 21259 41.9995 -87.7134 41.9967 -87.7252
20981 21501 41.8983 -87.6763 41.9131 -87.6885
20583 21205 41.915 -87.7004 41.9359 -87.7146
20664 20943 41.9823 -87.668 41.9927 -87.6619
20589 20913 41.9112 -87.6726 41.8983 -87.6763
20599 21043 42.0202 -87.701 42.0272 -87.7165
20913 21264 41.8983 -87.6763 41.9131 -87.6832
20708 21131 41.9388 -87.6657 41.9579 -87.6735
20621 20906 41.9704 -87.7416 41.9693 -87.7279
21205 21458 41.9359 -87.7146 41.9431 -87.7187
20681 20932 41.9823 -87.668 41.9758 -87.6621
20651 21159 42.023 -87.7295 42.0272 -87.7165
20654 21033 42.0075 -87.7041 41.9995 -87.7134
20906 21770 41.9693 -87.7279 41.9523 -87.7629
20983 21064 41.8983 -87.6763 41.9 -87.6747
20731 20814 41.9823 -87.668 41.9832 -87.6687
20709 21066 41.9282 -87.7251 41.9359 -87.7146
20718 21032 42.0398 -87.7145 42.0272 -87.7165
20727 21166 41.9552 -87.6756 41.9388 -87.6657
21149 21284 41.8983 -87.6763 41.903 -87.6748
21207 21497 41.9388 -87.6657 41.9277 -87.6721
21066 21797 41.9359 -87.7146 41.9488 -87.7503
20789 21425 41.9595 -87.6906 41.9388 -87.6657
21033 21518 41.9995 -87.7134 41.9795 -87.7009
20799 21220 41.9959 -87.702 41.9995 -87.7134
21220 21671 41.9995 -87.7134 41.9804 -87.7024
20808 21260 41.973 -87.6842 41.9823 -87.668
20814 20937 41.9832 -87.6687 41.9823 -87.668
20937 21091 41.9823 -87.668 41.9771 -87.6668
21236 21374 41.9388 -87.6657 41.9335 -87.66
20854 21186 41.9267 -87.7035 41.9359 -87.7146
20872 21466 42.0468 -87.7108 42.0272 -87.7165
21166 21429 41.9388 -87.6657 41.9278 -87.6561
21146 21517 41.9122 -87.6394 41.9177 -87.6589
20932 21254 41.9758 -87.6621 41.9823 -87.668
20943 21289 41.9927 -87.6619 41.9823 -87.668
20943 21689 41.9587 -87.7641 41.9693 -87.7279
20946 21402 41.9636 -87.7108 41.9693 -87.7279
20953 21459 41.982 -87.7137 41.9995 -87.7134
20962 21322 42.0336 -87.7188 42.0272 -87.7165
21186 21641 41.9359 -87.7146 41.9336 -87.7304
21402 22198 41.9693 -87.7279 41.9774 -87.7769
21000 21486 41.9749 -87.6913 41.9823 -87.668
21459 21862 41.9995 -87.7134 42.0093 -87.703
21425 21932 41.9388 -87.6657 41.9531 -87.6896
21413 21782 41.9823 -87.668 41.9722 -87.6793
21064 21161 41.9 -87.6747 41.8983 -87.6763
21091 21287 41.9771 -87.6668 41.9823 -87.668
21689 22488 41.9693 -87.7279 41.9694 -87.7807
21131 21721 41.9579 -87.6735 41.9388 -87.6657
21233 21463 41.8983 -87.6763 41.9039 -87.6733
21214 21634 41.899 -87.6586 41.8983 -87.6763
21733 22071 41.9388 -87.6657 41.9379 -87.6859
21296 21443 41.9823 -87.668 41.9854 -87.6683
21259 21492 41.9967 -87.7252 41.9995 -87.7134
21264 21762 41.9131 -87.6832 41.8983 -87.6763
21284 21456 41.903 -87.6748 41.8983 -87.6763
21337 21632 41.9823 -87.668 41.9922 -87.6718
21456 21783 41.8983 -87.6763 41.8952 -87.6628
21408 21553 41.9122 -87.6394 41.9075 -87.6409
21625 22031 41.9823 -87.668 41.9931 -87.6569
21374 21525 41.9335 -87.66 41.9388 -87.6657
21640 22036 41.9995 -87.7134 41.9934 -87.6959
21634 21991 41.8983 -87.6763 41.9143 -87.6824
21563 21781 41.9388 -87.6657 41.9289 -87.6613
21538 21974 42.0099 -87.6744 42.0139 -87.6976
21429 21697 41.9278 -87.6561 41.9388 -87.6657
21697 22013 41.9388 -87.6657 41.9478 -87.6773
21484 21755 42.0272 -87.7165 42.0284 -87.7003
21443 21625 41.9854 -87.6683 41.9823 -87.668
21762 22105 41.8983 -87.6763 41.897 -87.6644
21458 21715 41.9431 -87.7187 41.9359 -87.7146
21715 22045 41.9359 -87.7146 41.9533 -87.7129
21463 21697 41.9039 -87.6733 41.8983 -87.6763
21827 22226 41.8983 -87.6763 41.9149 -87.6854
21497 21861 41.9277 -87.6721 41.9388 -87.6657
21499 22213 41.947 -87.7478 41.9359 -87.7146
21501 22025 41.9131 -87.6885 41.8983 -87.6763
21517 21913 41.9177 -87.6589 41.9122 -87.6394
21518 22116 41.9795 -87.7009 41.9995 -87.7134
21521 21937 41.9864 -87.7017 41.9995 -87.7134
21937 22315 41.9995 -87.7134 41.9922 -87.6963
21861 22079 41.9388 -87.6657 41.9323 -87.6731
21553 21738 41.9075 -87.6409 41.9122 -87.6394
22213 22492 41.9359 -87.7146 41.9262 -87.717
21563 22338 41.9549 -87.7572 41.9693 -87.7279
21588 21808 42.0272 -87.7165 42.0272 -87.7243
21632 21961 41.9922 -87.6718 41.9823 -87.668
21641 22099 41.9336 -87.7304 41.9359 -87.7146
21660 21892 41.9354 -87.7026 41.9359 -87.7146
21671 22155 41.9804 -87.7024 41.9995 -87.7134
21755 22081 42.0284 -87.7003 42.0272 -87.7165
21759 22388 41.9775 -87.7642 41.9693 -87.7279
21770 22665 41.9523 -87.7629 41.9693 -87.7279
21781 21999 41.9289 -87.6613 41.9388 -87.6657
21782 22164 41.9722 -87.6793 41.9823 -87.668
21783 22170 41.8952 -87.6628 41.8983 -87.6763
21797 22563 41.9488 -87.7503 41.9359 -87.7146
21808 22028 42.0272 -87.7243 42.0272 -87.7165
21862 22292 42.0093 -87.703 41.9995 -87.7134
21932 22635 41.9531 -87.6896 41.9388 -87.6657
21974 22435 42.0139 -87.6976 42.0099 -87.6744
21991 22350 41.9143 -87.6824 41.8983 -87.6763
22013 22330 41.9478 -87.6773 41.9388 -87.6657
22031 22486 41.9931 -87.6569 41.9823 -87.668
22036 22445 41.9934 -87.6959 41.9995 -87.7134
22045 22443 41.9533 -87.7129 41.9359 -87.7146
22071 22482 41.9379 -87.6859 41.9388 -87.6657
22079 22300 41.9323 -87.6731 41.9388 -87.6657
22105 22560 41.897 -87.6644 41.8983 -87.6763
22198 23025 41.9774 -87.7769 41.9693 -87.7279
22226 22645 41.9149 -87.6854 41.8983 -87.6763
22315 22872 41.9922 -87.6963 41.9995 -87.7134
22488 23479 41.9694 -87.7807 41.9693 -87.7279
22492 22786 41.9262 -87.717 41.9359 -87.7146
